0 0 0 0 0.0847532390625 0.0192039015625 0.08678275625000001 0.03528546875 0.0861535640625 0.0442225734375 0.08286316875000001 0.0526674875 0.07647549375 0.0569257703125 0.071418321875 0.0619287015625 0.06948051875 0.074572971875 0.0587092328125 0.08693063437500001 0.06284460625 0.17621598125 0.0774432140625 0.2160746984375 0.0812697578125 0.22042539374999998 0.08097167968749999 0.2224872359375 0.0777584921875 0.22431503749999998 0.09030495468750001 0.2287829234375 0.10902115625 0.2336465703125 0.1203061140625 0.2386639 0.1283806203125 0.2522329546875 0.1448388515625 0.2725721375 0.1595138890625 0.281336475 0.164013603125 0.2994711796875 0.16899376093750001 0.317736465625 0.16957369375 0.3352865703125 0.166697478125 0.3479053921875 0.162032403125 0.3613237734375 0.154043703125 0.36789167031250003 0.1603874 0.37251156406249997 0.162827734375 0.402768215625 0.1746375046875 0.43024382499999997 0.180434884375 0.51875 0.203476259375 0.51875 0.0486279296875 0.430400503125 0.021629225 0.4277309546875 0.0157962703125 0.43198923906250003 0.0107391 0.4338085859375 0 0.2362111 0 0.23259387031249998 0.016031225 0.2307024546875 0.0187502890625 0.22761404375 0.019158803125000002 0.19917079531249998 0.0098831890625 0.17918050000000002 0.0057587609375 0.1613785859375 0 0 0
0 0.934030728125 0.2083417171875 0.9545111421874999 0.1883113515625 0.9780985484375 0.186283325 0.9816510921875 0.14567756406250001 0.9617165890624999 0.11665580625000001 0.9353232640625 0.1293494328125 0.9149432109375001 0.1589357796875 0.9228792953125 0.20736609375 0.934030728125 0.2083417171875
0 1 0.24556723906250003 0.9898882546875001 0.22277581875000002 0.9961383609375 0.23696148749999998 0.992858771875 0.2530411875 0.941621625 0.324936115625 0.9368822531250001 0.409375 0.979729578125 0.409375 0.9843687843750001 0.3286760078125 1 0.35983741875 1 0.24556723906250003
0 0.8659018296875001 0.2378422390625 0.9084121546875 0.24428918125000001 0.9266968 0.2172472828125 0.916866025 0.19047337343749998 0.8754034046875001 0.1827542078125 0.8633046265625 0.1926067875 0.8659018296875001 0.2378422390625
0 0.883522346875 0.409375 0.8887627390624999 0.3939613875 0.98843111875 0.2608371328125 0.9961383609375 0.23696148749999998 0.9908356000000001 0.21194761406249998 0.9802943156249999 0.1932948578125 0.962993134375 0.18768954375 0.9243645546875001 0.22249877968749998 0.8501782734375001 0.3319386015625 0.7963078031249999 0.38041708750000003 0.7937743125 0.409375 0.883522346875 0.409375
0 0.8887426109375 0.265754375 0.8458308499999999 0.2210835125 0.833740065625 0.15592308125 0.800085046875 0.13388424999999998 0.77859305 0.133367828125 0.75987085 0.14400481874999999 0.7324940625 0.189345659375 0.7323857109375 0.254802690625 0.75590088125 0.2964126859375 0.8084145765624999 0.29555149531249997 0.833687959375 0.32776811562499997 0.8483197 0.331775996875 0.8887426109375 0.265754375
0 0.791875834375 0.409375 0.7838718296875 0.38342073593750003 0.7592728359375001 0.3649019765625 0.7404502765625001 0.3659829859375 0.7109860765625 0.3388552609375 0.6465180765625 0.2622929890625 0.647738375 0.2269387234375 0.6079336078125 0.20027020156250003 0.5834992156250001 0.2226824109375 0.556459625 0.2748721796875 0.5436142187499999 0.314664921875 0.5429679515625 0.35416106406250003 0.565708371875 0.3725172203125 0.59987318125 0.367322940625 0.6407256515624999 0.3927192390625 0.659555009375 0.409375 0.791875834375 0.409375
0 0 0.7679916999999999 0.005454990625 0.7687404499999999 0.0312553984375 0.7738852484375001 0.0531383375 0.7757997578125 0.08455921875 0.77671119375 0.0881694515625 0.7754520171875 0.091879059375 0.7790578796875 0.08792604375 0.8002374624999999 0.090707565625 0.8024496031249999 0.0963107203125 0.8024148046875 0.1229544234375 0.797920690625 0.14650025625000002 0.796830621875 0.15413644531249998 0.793561125 0.158808778125 0.790163575 0.161485453125 0.7835726187500001 0.17004425625 0.7777587890625 0.17204355625 0.7669084859374999 0.1728759078125 0.749393459375 0.16887365000000001 0.7351305328125 0.164387290625 0.7224002828125 0.1554619890625 0.714400528125 0.148167675 0.713762359375 0.1364544765625 0.71562514375 0.132699284375 0.7125403015625 0.1299551390625 0.7039000546875 0.1229461765625 0.6919991249999999 0.117847175 0.6882717062499999 0.111779978125 0.6876096421875 0.0852019140625 0.68935319375 0.0724010859375 0.6916458343749999 0.0594352421875 0.691823996875 0.0396591859375 0.6898313109374999 0.008483540625 0.6821161953124999 0 0.680971621875 0 0.7679916999999999
0 0 0.409375 0 0.680320378125 0.052625028124999994 0.6896531484375 0.067629378125 0.69017834375 0.0831406171875 0.6889103484375 0.087607825 0.6878574000000001 0.0893163015625 0.6843318 0.090524265625 0.6705247078125 0.09047683281249999 0.603056725 0.0941262328125 0.5133367265625 0.0953040828125 0.42786308437500004 0.09625594062500001 0.409375 0 0.409375
0 0.641769221875 0.9125224703124999 0.6886127421875 0.8872339968750002 0.6787482671875 0.888003540625 0.6610039640625 0.8668599265625 0.6507680359375 0.8594340468749999 0.6263466937500001 0.852399675 0.6047408515625 0.8505094078125002 0.6103720140625 0.8607976328125 0.6209257546875 0.8894751421875 0.6276374406249999 0.8998579 0.641769221875 0.9125224703124999
0 1 0.512525621875 0.8517348343750001 0.5407012250000001 0.6835077046875 0.58475675625 0.6088601875 0.6043474859375 0.5772826140625 0.6293388578125001 0.55824325625 0.6603250875000001 0.540567578125 0.688165540625 0.5522016875 0.71693744375 0.5616602187499999 0.6834805546875 0.589356953125 0.715290453125 0.5910384625 0.73339611875 0.5873186703125001 0.7510292921875 0.59675790625 0.7551202640625 0.617938496875 0.7618711703125 0.6278909265625 0.7725374578124999 0.6377663218749999 0.8068479 0.6378969890625 0.7701476640625 0.63339965 0.746897865625 0.6250945765625 0.7298452875000001 0.6202601234375 0.7228917859375 0.6069443390625 0.676014203125 1 0.5872539984375 1 0.512525621875
0 1 0.4994262421875 0.821486621875 0.5380548484375 0.7449618921875001 0.5542160734375 0.7352393296875 0.5533654593749999 0.72537484375 0.5541351265625 0.7198316375 0.5552827312499999 0.6967203609375 0.558158475 0.6780717609375 0.5597922046875 0.6685790640625 0.5687572640624999 0.6558452953125 0.577438765625 0.650443834375 0.5769661984375001 0.6418014640624999 0.5762100890624999 0.6290678578125 0.58489160625 0.62267415 0.5957604890625 0.61891988125 0.5889016171875 0.614740525 0.586903396875 0.6033362875 0.5679471046875 0.5925333671875 0.567001971875 0.5969425890625 0.5788158640625001 0.5945328625 0.606359153125 1 0.5010786406250001 1 0.4994262421875