0 0.45 0.5890625 0.45 0.5299666015625 0.4482959234375 0.5287616265625 0.44251732187500004 0.5185076171875 0.4378296203125 0.5181550421875001 0.4313702109375 0.5158762890624999 0.4224549796875 0.5094934125 0.40242098437499996 0.49885519843750004 0.3970964125 0.49361799843750004 0.3801281796875 0.48316867343750003 0.3737868828125 0.47412321874999996 0.36473133125 0.4654365125 0.3598891375 0.4635921140625 0.3577895453125 0.459764959375 0.34705346875 0.4335855125 0.3469996078125 0.415985790625 0.3499581234375 0.41197617343750004 0.35118744999999996 0.403604365625 0.34705299375 0.40258457343750004 0.341610309375 0.40411407187500004 0.32645347187499996 0.41400265156250005 0.31725004375 0.4241305265625 0.303555928125 0.43296163437499996 0.293368846875 0.43738657812500004 0.289875984375 0.440980740625 0.2858724 0.4428061109375 0.27998371718750004 0.4492013375 0.272903503125 0.4618030234375 0.2741630703125 0.472384278125 0.27215513593749996 0.48399150156250004 0.27706678125 0.49219975 0.2762692765625 0.4965178359375 0.27715513125 0.4974809265625 0.282939875 0.49704039843750003 0.2883069671875 0.4998415875 0.294101159375 0.498859721875 0.2997630625 0.5054565625 0.3058945875 0.5058343390625 0.3163056125 0.5092650703125 0.322145634375 0.5160003953125 0.327503278125 0.5193429187499999 0.3313698515625 0.525366921875 0.33616952499999997 0.529647334375 0.3395820703125 0.530654525 0.3398957796875 0.5333675078125 0.3373171203125 0.5363007515625 0.34052320156250004 0.53879346875 0.3446231703125 0.5521318078124999 0.350173103125 0.5548008125 0.3537259671875 0.558111834375 0.3646618890625 0.5624993546875 0.370651678125 0.5709971703125001 0.3709370421875 0.575334159375 0.37519764375000003 0.5794697859375 0.3736829546875 0.5835046046875 0.37436234375 0.5859532171875 0.3796718921875 0.5890625 0.45 0.5890625
0 0.5973015765625 0.5666572609375 0.6101956734375 0.5233273078125 0.5762765640625 0.51950895 0.5273461828125 0.5412389515625 0.4520304765625 0.5447637578125 0.4781906078125 0.5758702140625 0.5533374203125 0.582021353125 0.5973015765625 0.5666572609375
0 0.613561565625 0.05234657499999999 0.55681590625 0.10458999218750001 0.5226273015625 0.39436003125 0.5356118421875 0.48492301718749997 0.5935176109375 0.505291553125 0.613101021875 0.49595448906249995 0.6443058296874999 0.37712615 0.6531566234375 0.1482134953125 0.6654877390625 0.1371366953125 0.7188213687499999 0.14129393437499999 0.76083724375 0.09847230312500001 0.75158036875 0.072500340625 0.6864786046875 0.0471667515625 0.613561565625 0.05234657499999999
0 0.9433951781250001 0.34847064843750003 0.9045661421875 0.347792884375 0.882358871875 0.368376190625 0.8717508421875 0.41981179218750003 0.893338834375 0.43470695312499996 0.9491837234375 0.43406858125000003 0.944611584375 0.41785728437499997 0.9885194437500001 0.40571850625000005 0.974577834375 0.3699858796875 0.9433951781250001 0.34847064843750003
0 0.7911532734375 0.30871083125 0.8222233328125 0.3366766921875 0.8633384390625001 0.34546010312500003 0.883822621875 0.28451799843750003 0.8184393671875 0.2753109828125 0.7914910625 0.289358940625 0.7911532734375 0.30871083125
0 1 0.06980007031249999 0.9730116453125 0.042489310937500004 0.9460633406250001 0.0565372671875 0.9408156250000002 0.0790297515625 0.988957834375 0.10245416249999999 1 0.0939598984375 1 0.06980007031249999
0 0.477276428125 0 0.46868455156250005 0.0078758671875 0.45 0.0067210890625 0.45 0.0329346828125 0.480396390625 0.032277531250000005 0.521905584375 0.018483735937500002 0.5923113609375 0.018099524999999998 0.585249565625 0 0.477276428125 0
0 0.45 0.1891320015625 0.4678179296875 0.1965991625 0.4971648984375 0.184206225 0.4758021 0.15640980468750001 0.45 0.1677387 0.45 0.1891320015625
0 0.45 0.459512321875 0.4683929046875 0.44180783437500004 0.46751428749999996 0.3530693078125 0.45 0.3642721765625 0.45 0.459512321875
0 0.282513640625 0.5890625 0.2733287859375 0.612712028125 0.2920292203125 0.643262828125 0.32229234375 0.6410434031250001 0.333855034375 0.6082731765625 0.3174917796875 0.5890625 0.282513640625 0.5890625
0 1 0.6432081296875001 0.8902151625 0.6374579375 0.8113871937500001 0.6457452984375001 0.725862371875 0.637004975 0.45 0.6344190515625 0.45 0.6861875359375 0.5711122265624999 0.6874519921875 0.6587644328125 0.67448700625 0.8946581625000001 0.6834362 0.9158026109375002 0.6741419703125 0.9770242578125 0.672794771875 1 0.674640759375 1 0.6432081296875001
0 0.6658053921875 0.9222321609374999 0.6751874578124999 0.935682975 0.68482245625 0.9346432406249999 0.675524703125 0.9163622468749999 0.6658053921875 0.9222321609374999