0 0.41875 0.3890625 0.41875 0.293757296875 0.4089476546875 0.29159726875 0.3521729640625 0.28125297968749996 0.285318575 0.26583722656250003 0.1299607203125 0.23252655 0.0779156921875 0.2227558171875 0.0446504203125 0.214214925 0.031063075000000002 0.2129569984375 0 0.205799834375 0 0.326635796875 0.1204997234375 0.35413689375 0.197738928125 0.369496471875 0.23719622812500002 0.3782035828125 0.23966757656249998 0.3797213546875 0.2855881109375 0.3890625 0.41875 0.3890625
0 0.661532803125 0.3890625 0.6580815734375 0.38270132968750004 0.6430373484375 0.3675622 0.6326444703125 0.3411123734375 0.6144489562500001 0.3253606953125 0.608833746875 0.30167177500000003 0.5848459703125 0.2463174859375 0.576307246875 0.23977179531249998 0.5582649296875 0.21061358437500002 0.542942196875 0.175876590625 0.5116342203124999 0.139253865625 0.49102551562499996 0.102267903125 0.44861242968750004 0.05127173593749999 0.43407751875 0.0166878796875 0.41875 0.0078741734375 0.41875 0.295860003125 0.4303769359375 0.30912444375 0.45019781718749996 0.3459572703125 0.46143025625 0.35546953124999997 0.4805262859375 0.3890625 0.661532803125 0.3890625
0 0.76972565 0.3890625 0.7591547000000001 0.34432752031249997 0.74416120625 0.331030475 0.7368937499999999 0.31373854843750004 0.7057369546875 0.3015748671875 0.663067196875 0.2981666375 0.654274825 0.28241052031249997 0.6582905390625 0.276472940625 0.6497259468750001 0.2784726015625 0.6392813328125 0.2691134765625 0.64050186875 0.2565251546875 0.63679154375 0.2545824578125 0.6217463125 0.2583761171875 0.6161549546874999 0.2640074234375 0.6078688718749999 0.28560494687500004 0.6087322859375 0.29798760468749996 0.616024603125 0.32566696875 0.6342201171875 0.3414186484375 0.6451720296875 0.36919862187499997 0.6565317953124999 0.3738497046875 0.665152590625 0.3890625 0.76972565 0.3890625
0 0 1 0.14222151875 1 0.132890184375 0.958039084375 0.122005715625 0.9357353734375 0.1063622546875 0.9326945921875 0.09336828750000001 0.8742636375 0.0682140546875 0.8522920109375001 0.061878350000000006 0.8013669765625 0.0926469140625 0.726595846875 0.0906425328125 0.6951477984375 0.1011627078125 0.6723459640625 0.0961445359375 0.6511825468750001 0.0752654625 0.6750766593749999 0.06908382187499999 0.6598987734375 0.08521111718749999 0.5978108875 0.06651213125 0.5165300828125 0.047959996875 0.52845313125 0.033998362500000004 0.6002795093750001 0.0336758078125 0.643698621875 0.019300929687500003 0.6393515078125 0 0.64998665 0 0.6975263093749999 0.025216178125 0.6715597515624999 0.0634767046875 0.699184828125 0.0425414671875 0.7494676921875 0 0.7728289625 0 1
0 0.9659442578124999 0.5450829374999999 0.9562226968750001 0.565148359375 0.9606930281250001 0.594558934375 0.9763404015624999 0.5514947625 0.9659442578124999 0.5450829374999999
0 0.9377914484375001 0.6449950718749999 0.913898771875 0.69304305 0.9208364609374999 0.70976016875 0.9399630671875 0.6937184140625 0.9377914484375001 0.6449950718749999
0 0.736083484375 1 0.755022434375 0.9563589734375 0.743108478125 0.890373340625 0.7160530875 0.887309815625 0.6926455718750001 0.9178880187499999 0.6819536875 0.9728929890625 0.6923498328125 0.9793048140625 0.68701755 1 0.736083484375 1
0 0.6746358796875 1 0.6606762390625001 0.9775391124999999 0.67615496875 0.9278556296874999 0.6890184703125 0.921574 0.6650842406249999 0.89496655625 0.63163865 0.9696992671875 0.6223814734374999 0.9349672015625 0.6052083640625 1 0.6746358796875 1
0 0.709579784375 0.8157952093749999 0.7034853249999999 0.832174646875 0.7148725671875 0.8409746343750001 0.7227805765624999 0.8227522046875 0.709579784375 0.8157952093749999
0 0.4600283421875 0.8792583390625002 0.5007696890625 0.8718090828125 0.525969978125 0.8020601796874999 0.5463418718749999 0.652334365625 0.5220703515625 0.6124882984375001 0.5421880578125 0.598834703125 0.5425045734375 0.574745615625 0.529472425 0.574407934375 0.46987699687499995 0.791156809375 0.4600283421875 0.8792583390625002
0 0.41875 0.6744185890625 0.45262870624999996 0.62533633125 0.43578003593750003 0.5847376093750001 0.422747890625 0.584399928125 0.41875 0.5889805796875 0.41875 0.6744185890625