0 0.4 0 0.34306785 0 0.3430579609375 0.0069852078125 0.3310107015625 0.06845007656249999 0.33098646249999997 0.0917987015625 0.3341264859375 0.1003084125 0.3413955734375 0.11312720937500001 0.35453290000000004 0.1255680203125 0.3607912390625 0.126782603125 0.3640983328125 0.129383703125 0.3666210453125 0.1348662953125 0.37504958125 0.1445603765625 0.379314803125 0.1523404234375 0.383174890625 0.1566921109375 0.3869063359375 0.15849073125 0.3883873859375 0.16174868281250002 0.395987278125 0.15576573124999998 0.3978818234375 0.1503187828125 0.4 0.1474033625 0.4 0
0 0.9470870046875 0.46875 0.9199063640624999 0.4554294484375 0.7025197203125 0.3229702546875 0.4 0.19943429375 0.4 0.2439888421875 0.687520634375 0.36799550625 0.8528748140625 0.46875 0.9470870046875 0.46875
0 0.2417936890625 0.46875 0.23767106718750003 0.5992938078125001 0.30062020624999997 0.5949276953125 0.305799065625 0.581965334375 0.31240178125 0.46875 0.2417936890625 0.46875
0 0.8586396031250001 0.486414609375 0.862763646875 0.5179445953124999 0.868929975 0.5239264671875 0.8672250203124999 0.5076700140625 0.878919978125 0.49364030000000003 0.8738209062500001 0.4779214203125 0.8650668249999999 0.4775683 0.8586396031250001 0.486414609375
0 0.8809938421875 0.5341931546875001 0.9027024890625001 0.5394529968749999 0.9139521 0.528103265625 0.894554525 0.49899236875 0.8809938421875 0.5341931546875001
0 0.9217203906249999 0.8956746171875001 0.920921921875 0.9071086828125001 0.9335233640624999 0.9207694875 0.9493344703125001 0.9217445171875 0.9588870234375001 0.9106635718749999 0.9581649921875 0.895121253125 0.9392206609375 0.8798556171874999 0.9217203906249999 0.8956746171875001
0 1 0.6061995203125 0.9934002281249998 0.6068505328125 0.986980903125 0.6322220859375001 0.9961117906249999 0.6733968499999999 1 0.6757550078125 1 0.6061995203125
0 0.67284053125 0.6697996171874999 0.6855263062500001 0.67300928125 0.6855184125 0.6564840390625 0.672656075 0.6576514171875 0.67284053125 0.6697996171874999
0 0.4080096109375 0.8978852109375 0.4173012703125 0.9016324484375 0.42060316093749994 0.8950207734374999 0.41210996875 0.8798394703125 0.40541396250000006 0.8869887203125 0.4080096109375 0.8978852109375
0 0.7192855453125 0.8477141312500001 0.7230327843750001 0.838422471875 0.7170430156250001 0.8280635578125001 0.7078435843750001 0.8303904203125001 0.7090109640625 0.8432527562499998 0.7154460796875 0.8509316890624999 0.7192855453125 0.8477141312500001
0 0.7964200874999999 0.7580836484375 0.8042834750000001 0.7637967343750001 0.8126765421875 0.75637869375 0.810257453125 0.7411051640625 0.8011423546875001 0.732980884375 0.7964200874999999 0.7580836484375
0 0.44370060312500004 0.8156885578124999 0.4492450234375 0.8287274531250001 0.45915069375 0.8088924265624999 0.4528921375 0.796836453125 0.440567378125 0.8013979499999999 0.44370060312500004 0.8156885578124999
0 0.5395846140625 0.5204214640625 0.5499514234375 0.5309569375 0.5574537968750001 0.5288988625 0.5499356343749999 0.497906453125 0.537257753125 0.5112220328125 0.5395846140625 0.5204214640625
0 0.4 0.736486203125 0.408644796875 0.7316498656249999 0.4 0.712463703125 0.4 0.736486203125
0 0.5300715390625 0.61412861875 0.5370442296875 0.62520166875 0.5476719328125 0.620908959375 0.5404225578124999 0.591613609375 0.52979485625 0.5959063171875 0.5300715390625 0.61412861875
0 0.7393947421875 0.6836132984375001 0.7676228375 0.6861009296875 0.7682368515625 0.6625186640624999 0.75340866875 0.6622577703125 0.7393947421875 0.6836132984375001
0 0.4 0.974767478125 0.4055456640625 0.9756890312500002 0.40126085 0.9815865718750001 0.41377006562499996 0.9891732765625001 0.422163134375 0.9817552375 0.4123339 0.97461388125 0.408570871875 0.9508550546875 0.4 0.94584876875 0.4 0.9656527765625 0.4025046671875 0.9674725234375 0.4 0.9664624156249999 0.4 0.974767478125
0 0.6531504828125 0.5894159375 0.6510159718749999 0.60888995 0.657719875 0.618265940625 0.6701368640625001 0.6197785437500001 0.6745982375 0.6095039625 0.6696757265625 0.589408040625 0.65940114375 0.5849466671875 0.6531504828125 0.5894159375
0 0.681001771875 0.551081925 0.6835974234375 0.5619784140624999 0.6894949640625001 0.566263228125 0.7076250374999999 0.5599124468750001 0.710473684375 0.539455509375 0.6985020421874999 0.5352629234374999 0.68716020625 0.54053855625 0.681001771875 0.551081925
0 0.70548514375 0.755090021875 0.709140153125 0.7397242625 0.7030581578125 0.7232912484374999 0.6884987625 0.7247274140625001 0.6835077078125 0.74813311875 0.6921774578125 0.7589373828125 0.70548514375 0.755090021875
0 0.7950707671874999 0.925301915625 0.8068658484375 0.9338715453125002 0.820972 0.9185901187500001 0.808093875 0.8867070125 0.79595356875 0.903416709375 0.7950707671874999 0.925301915625
0 0.469559846875 0.5341217421875 0.4618730203125 0.524031615625 0.44463364375000003 0.5250224343750001 0.43087271562499996 0.5150245359375 0.4324011109375 0.5356580328125 0.44062551250000004 0.5491422765625 0.45232836406250004 0.5516378046875 0.46367020312499996 0.546362171875 0.469559846875 0.5341217421875
0 0.630582721875 0.655617028125 0.636472365625 0.6433765984375001 0.6276181609375 0.6204241359375 0.609664646875 0.622397878125 0.6061018640625 0.6438377375 0.617543825 0.661161446875 0.630582721875 0.655617028125
0 0.624624534375 0.7113590828125 0.6296155875 0.6879533765625 0.616921915625 0.668218471875 0.6005811296875001 0.6803745671874999 0.600589025 0.696899809375 0.6171221609374999 0.71341715625 0.624624534375 0.7113590828125
0 0.78793730625 0.9516563937499999 0.7763187859375 0.938709725 0.764170584375 0.9388941781250001 0.752920975 0.9502439109375 0.7560542 0.9645345187500001 0.7649927390625 0.977035840625 0.7771409390625 0.976851384375 0.786962278125 0.9674675 0.78793730625 0.9516563937499999
0 0.4 0.60255516875 0.40313733906250004 0.6090083749999999 0.41430261718750006 0.6081097843750001 0.41518541718749996 0.5862245765624999 0.42696470781249996 0.5617437203125 0.41900909375 0.5499565343749999 0.40489504531250003 0.5487127171874999 0.4 0.5536513296875001 0.4 0.60255516875
0 0.83926284375 0.8748118109374999 0.8314995796875 0.8916980671874999 0.8411601484375 0.9197417078125 0.8632219156249998 0.9162474671874999 0.869917925 0.909098215625 0.8706241640624999 0.8915900499999999 0.8562334343749999 0.8721239328125 0.83926284375 0.8748118109374999
0 0.5978351171874999 0.9156596515625001 0.606942321875 0.9072586890625001 0.606573409375 0.8829622875 0.5886198968749999 0.884936028125 0.5732462421875 0.8647557765624999 0.5684317484375 0.883784440625 0.5773702875 0.8962857609375 0.5737152765625 0.91165151875 0.5895421734374999 0.9456770328124999 0.5978351171874999 0.9156596515625001
0 0.6858271671875 0.46875 0.6859691421875 0.47810049218749995 0.6971344203125 0.47720190156250003 0.71680078125 0.50800985625 0.7302850265625 0.49978545468749996 0.7195938265625 0.46875 0.6858271671875 0.46875
0 0.4568686890625 0.70661564375 0.439805871875 0.7032294203125 0.4179285609375 0.7188718625 0.4131983984375 0.7274493843750001 0.4168692 0.745134109375 0.427773584375 0.7590637015625 0.44474417343750006 0.7563758249999999 0.46125362656249996 0.7233174453125001 0.4568686890625 0.70661564375
0 0.8052821890625002 0.7975613546875 0.8085155359375001 0.8344513031249999 0.7985097421875 0.8316869890625 0.79439359375 0.8166822453125 0.781078015625 0.8040043640625001 0.7725927203125 0.8053483031249999 0.771080115625 0.8177652921874999 0.8004913796875 0.8661657437500001 0.8218390109375001 0.863654428125 0.8348700125 0.841584765625 0.830485075 0.8248829624999999 0.8144051812499999 0.822210875 0.8157333296874999 0.7976456859375001 0.8052821890625002 0.7975613546875
0 0.4807646 0.6158493640625 0.47369968125 0.5987022125 0.4628426671875 0.6839240734375001 0.46785740625 0.7100940953125 0.48063541093750006 0.7193778578125001 0.4891128109375 0.7015086765625 0.48667793125000003 0.6531846625 0.4950709984375 0.645766621875 0.5705874328125 0.7216573484375 0.5813073624999999 0.723438740625 0.552794690625 0.6862035640624999 0.4807646 0.6158493640625