0 0.7432082062500001 0.758592546875 0.73703625 0.7812130703125 0.733950390625 0.8408488265624999 0.7354934375 0.890202625 0.7524657875 0.9436691765624999 0.7894968171875 0.9395564249999999 0.8234417515624999 0.9169359796875 0.8651014546875 0.8716949312500001 0.8851599 0.8634692718749999 0.8975035765625 0.8449617343750001 0.9113900656249999 0.8120590968749999 0.9252765546875 0.7627055328125001 0.9252765546875 0.7359721015625 0.9175617859375 0.7010133234375 0.9083042046875001 0.6948439609375 0.8697303625 0.67016721875 0.8543008249999999 0.6619414015625 0.8388712890625 0.655772196875 0.8141839359375 0.6434337859375 0.811098075 0.6413773328125 0.7956685375 0.66399785625 0.77561009375 0.67016721875 0.7293214828125001 0.7092388265625 0.7324073421875 0.7298028953125 0.7432082062500001 0.7421414640624999 0.7432082062500001 0.758592546875
0 0.5781120921875 0.2424344234375 0.601256396875 0.22803955937499998 0.5889127203125 0.197193453125 0.5781120921875 0.19308062343750002 0.5595965765625001 0.19102424843750002 0.527194571875 0.168403725 0.5179368734375001 0.1560653140625 0.5102221046875 0.151952484375 0.49170659062500005 0.151952484375 0.48553487031250003 0.143726903125 0.49479256875 0.1725165546875 0.49170659062500005 0.2013062828125 0.5256516421875 0.2177575234375 0.5410811796874999 0.221870353125 0.558053646875 0.24037796875 0.5781120921875 0.2424344234375
0 0.5241087125 0.088203859375 0.5102221046875 0.088203859375 0.5086791749999999 0.1128808375 0.51639394375 0.11699358906249999 0.527194571875 0.11082434375000001 0.5410811796874999 0.1087679296875 0.53953825 0.0984858953125 0.5241087125 0.088203859375
0 0.17077229375 0.143726903125 0.173858153125 0.143726903125 0.1939165984375 0.13755761875 0.20626015781249998 0.16223451875 0.20626015781249998 0.178685759375 0.2093461359375 0.2259831828125 0.212431996875 0.2568292875 0.2278615328125 0.2938445984375 0.240205209375 0.27944973281249996 0.25872060625 0.2444907984375 0.263349515625 0.2054191125 0.25254876875 0.16223451875 0.234033371875 0.123162871875 0.25872060625 0.11904996406249999 0.26180658437500004 0.102598803125 0.255634746875 0.09231676875 0.24174813906249998 0.090260275 0.1954595296875 0.0676397890625 0.173858153125 0.0717526984375 0.1568856875 0.077921825 0.1460850578125 0.08409106875 0.11214000625000001 0.090260275 0.0951675390625 0.1067115546875 0.0982534 0.1272756234375 0.10905414531249999 0.125219209375 0.1321984515625 0.1211063796875 0.152256778125 0.1272756234375 0.17077229375 0.143726903125
0 0.3636415046875 0.5015416734375 0.34821196875 0.49125963749999996 0.337411221875 0.4665827375 0.32815352343750004 0.48509043281249997 0.328317865625 0.502057615625 0.3266105921875 0.5035981265625 0.33895426875 0.5159365375 0.362098575 0.5221057421874999 0.380613971875 0.5118237078125001 0.3636415046875 0.5015416734375
0 0.027277553125 0.8079463453125 0.0226487625 0.8079463453125 0.007219225 0.8202847562500001 0.0056761781249999995 0.8552437703125 0.016476925 0.8758078390625 0.0226487625 0.8819769656249999 0.034992321874999996 0.8593565203125 0.034992321874999996 0.8408488265624999 0.027277553125 0.8079463453125
0 0.81881284375 0.0141732390625 0.7694383734375 0.0182860296875 0.7694383734375 0.020342523437500003 0.7632664171875 0.026511649999999998 0.7524657875 0.030624557812499998 0.786410721875 0.061470662499999995 0.811098075 0.0820347328125 0.821898703125 0.061470662499999995 0.829613471875 0.0326808953125 0.828070659375 0.020342523437500003 0.81881284375 0.0141732390625
0 0.9515069546875001 0.13755761875 1 0.151952484375 0.9977955656249999 0.086147484375 0.9947094703125 0.0326808953125 0.9931666578125 0.0244552734375 0.8635584062499999 0.030624557812499998 0.8465860578125 0.073809034375 0.8527577781250001 0.08409106875 0.858929734375 0.11699358906249999 0.8805309906250001 0.125219209375 0.9268196015625 0.1272756234375 0.9515069546875001 0.13755761875
0 0 0.77298756875 0.0226487625 0.7483105125 0.038078299999999995 0.74008493125 0.041164159374999995 0.7462541359375 0.062765534375 0.7524234984375 0.0689373734375 0.7380284765625 0.08745277031250001 0.725690065625 0.0982534 0.7380284765625 0.10905414531249999 0.7544797171875001 0.122940753125 0.7462541359375 0.1429990796875 0.7503669656249999 0.15997154687499998 0.7483105125 0.19237366875 0.7112953578125001 0.18620182968750001 0.7030695421875001 0.175401084375 0.6989567906249999 0.1615145953125 0.7010133234375 0.092081678125 0.7030695421875001 0.05967955781249999 0.707182371875 0.045793067187499994 0.705125996875 0.0257346234375 0.68867475625 0.0103050859375 0.682505471875 0 0.6845619265625 0 0.77298756875
0 0.218603834375 0.707182371875 0.20317429687500002 0.7359721015625 0.21551797343749998 0.7462541359375 0.244834 0.7421414640624999 0.24791997812500002 0.72157739375 0.2278615328125 0.7030695421875001 0.218603834375 0.707182371875
0 0.21551797343749998 0.7976643109375 0.1877447609375 0.8120590968749999 0.1908306203125 0.8243976640625 0.2170609046875 0.8305667906249999 0.232490440625 0.8161720046875001 0.2355763015625 0.8120590968749999 0.21551797343749998 0.7976643109375