0 0.559375 0 0 0 0 0.2106212 0.0022841375 0.20540350625 0.0294544453125 0.2492152140625 0.08857815 0.2850198140625 0.12116308281249999 0.34958908593750004 0.12425462812500002 0.3750193046875 0.116137090625 0.397207809375 0.09516311718750001 0.410090740625 0.0094741484375 0.3913824125 0 0.41211677656249995 0 0.425917490625 0.0289444609375 0.46875 0.5210116421875 0.46875 0.559375 0.195780528125 0.559375 0
0 0.5857392078125 0.19902380625 0.5883946640625 0.1966824140625 0.59093864375 0.1957472859375 0.6372056500000001 0.202508221875 0.65205926875 0.20226897031250002 0.6573162203125 0.2004224625 0.673797621875 0.1996363828125 0.6919322375 0.204253296875 0.711427921875 0.20776883437500002 0.7130225953125 0.2166537859375 0.7098443671875 0.23068492968749998 0.7098779375 0.240255346875 0.7089780078125 0.2478848421875 0.7103909749999999 0.2537711359375 0.712471759375 0.256131828125 0.718666790625 0.25558055625 0.7197219609375 0.24991187187500002 0.7204457984375 0.2337260578125 0.7201109140625 0.21894264687499998 0.7230590890624999 0.199191459375 0.723407259375 0.1930356125 0.7231324109375 0.1888604671875 0.7223012203125 0.18680465625 0.71750746875 0.1853553421875 0.709422521875 0.18525320781250001 0.673079965625 0.186350371875 0.653353196875 0.1820267609375 0.6254966890625 0.1791459140625 0.59618035625 0.1817476140625 0.5890828703125 0.1807501265625 0.5863526015625 0.1793322828125 0.5840946953125 0.17332724375 0.582885315625 0.17212314687500002 0.578900871875 0.17104610468749998 0.574524490625 0.172757834375 0.5722655546875 0.171664765625 0.567099228125 0.1655095046875 0.5662923671875 0.16695905312499998 0.5618835875 0.1983291515625 0.5699831359374999 0.197714296875 0.5729180234375 0.1989023671875 0.5752253078125 0.2027168203125 0.576326765625 0.20959346406249998 0.5792331265625 0.219567625 0.5797080125 0.2241586828125 0.5824520265625 0.22363946562499998 0.584142934375 0.21896499062500002 0.5869831875 0.2048863484375 0.5857392078125 0.19902380625
0 0.559375 0.48735536875 0.5248584125 0.592316384375 0.5106719140625 0.7481081609375 0.506969940625 0.760736678125 0.47202115781250004 0.79001181875 0.45708385468749996 0.8825838515625 0.434794334375 0.9451952468750001 0.4245157234375 1 0.506608325 1 0.5235384140625 0.9445186171875001 0.5388898765625 0.7941500859375 0.559375 0.77311040625 0.559375 0.7420398109375 0.5467856609374999 0.7242562640625 0.5511348203125 0.6933103875000001 0.559375 0.6685132046875 0.559375 0.48735536875
0 0.34633469375 0.5461884375 0.334879234375 0.5248552828124999 0.29905024375 0.5329686437500001 0.27998375468750003 0.5657907734375 0.2916334015625 0.620023209375 0.28498025781249997 0.7084999890624999 0.295193078125 0.7112501859375 0.3075804765625 0.698527446875 0.3117742859375 0.6412621421875 0.3431505015625 0.582557559375 0.34633469375 0.5461884375
0 0.4064725953125 0.6256437703125 0.4156758 0.6492901484375 0.4293058390625 0.6551503656250001 0.416905546875 0.7296706390625 0.42047811562500004 0.7591000828125 0.4536664765625 0.6875013828125001 0.4414990515625 0.6095283421875 0.42823144375 0.6010893046875 0.41053699843749997 0.6104364296875 0.4064725953125 0.6256437703125
0 0.25013509375 0.819312228125 0.254587871875 0.869903453125 0.249306771875 0.9349052265625 0.2955685578125 0.8388462828125001 0.2962157421875 0.8205289234375 0.280980634375 0.7986645734375 0.2636097828125 0.7988530203125 0.25013509375 0.819312228125
0 0.22556417343750002 1 0.22737968125000002 0.9949377984375001 0.22718549375000002 0.9620385140625001 0.2044687609375 0.9522714890625 0.2202086 0.867701521875 0.21591117031249998 0.8434297234375 0.2064232109375 0.8355218796875 0.19476067187499999 0.8430869734374999 0.159242378125 0.9038391859375 0.15038870937499998 0.9394115140625001 0.129639478125 0.9430697984374999 0.113187671875 0.9709998796875 0.11392471875000001 1 0.22556417343750002 1
0 0 1 0.039650890625000004 1 0.042176875 0.9689092406250002 0.0581497375 0.9238184125 0.056803479687500005 0.8236983546874999 0.069113203125 0.7978159 0.05399460625 0.7956911203125 0.0432122765625 0.8244179953125 0.0153826875 0.8441746343750001 0.0540075 0.7338935890625 0.052687185937500006 0.7021509203124999 0.0370508109375 0.6762855375 0.055923112500000004 0.6105641234375 0.056130192187500004 0.581665875 0.051146740625 0.5691315796875 0.0329733546875 0.5613179578125 0.01310433125 0.586138021875 0.00476844375 0.645450953125 0.00797858125 0.6774592203124999 0 0.7122187234374999 0 1
0 0.1936991671875 0.7272283796875 0.1746455734375 0.698252978125 0.1770660703125 0.6604616484375 0.1657659609375 0.66544791875 0.1605754296875 0.6818118734375 0.143204578125 0.6820003171875 0.1345968265625 0.695254253125 0.13731512968749998 0.7718993046875 0.1278919515625 0.8389487062500001 0.1560580265625 0.74823585625 0.16550715 0.7495638437500001 0.1710083796875 0.7858387421874999 0.1924047984375 0.763863096875 0.1936991671875 0.7272283796875
0 0.21598868906250002 0.664616984375 0.22209826718749998 0.6759946671874999 0.23713918750000001 0.664959734375 0.24941007499999998 0.6324974250000001 0.2367896515625 0.6057410265625001 0.2176454890625 0.6254034421875 0.21598868906250002 0.664616984375
0 0.09747330781249999 0.54802988125 0.12072071250000001 0.519739978125 0.12281761718749999 0.491107328125 0.1140545171875 0.4780418375 0.0994148625 0.493077803125 0.09747330781249999 0.54802988125
0 0.06669744375 0.46875 0.0699025296875 0.48367059687499997 0.08494345156250001 0.4726356640625 0.08372803749999999 0.46875 0.06669744375 0.46875
0 0.6352785437499999 0.46875 0.6041285859375 0.52267878125 0.5930243484375 0.60168953125 0.7299336140625 0.6021308921874999 0.774948403125 0.5493716515625 0.8441219671875 0.5349219578125 0.7612849703125001 0.46875 0.6352785437499999 0.46875