0 0.043909003125 0 0.0428885578125 0.0034919578125000004 0.029192542187499997 0.036781971875 0.0180258703125 0.051270662499999994 0.013303873437499999 0.0853587453125 0.008401051562500001 0.09853038125 0.00129606875 0.1097135515625 0 0.1166920359375 0 0.2070001921875 0.006437959375000001 0.22326911875 0 0.24694861875 0 0.2897599453125 0.0020734546875 0.29163219375 0.01088804375 0.31038306875 0.014613040625 0.3105921140625 0.0325503828125 0.292753625 0.0359363125 0.2921584265625 0.0420347875 0.2979971625 0.0481362359375 0.309234403125 0.050173021875 0.318378659375 0.0505216 0.336458125 0.055104371875 0.3570327 0.0695076453125 0.3782565453125 0.0820543640625 0.41017288281250003 0.10543700625 0.44191211093750005 0.1230649953125 0.477254459375 0.14711982968749998 0.49980515625 0.1620233875 0.507119540625 0.17280311875 0.509375 0.4578837625 0.509375 0.4777838640625 0.49264602812499997 0.4879309515625 0.4714258078125 0.4890625 0.4699773140625 0.4890625 0.26238525625000003 0.481388809375 0.27475535624999997 0.46905025624999996 0.313421740625 0.4541645296875 0.338498403125 0.427258515625 0.365256134375 0.404918040625 0.3812770953125 0.391204196875 0.3821760640625 0.3754654484375 0.3955248078125 0.35752216406250004 0.40256627968750003 0.34414738749999996 0.40426949062500006 0.3067249078125 0.39637842343749996 0.2867472109375 0.3985944453125 0.250847565625 0.38892395625 0.203598046875 0.36850689999999997 0.1617569796875 0.330726065625 0.1381988609375 0.2877877 0.1239472921875 0.23457493125 0.12326083437499999 0.217850625 0.118342559375 0.20295001875000002 0.1198570765625 0.1860547765625 0.11562109843749999 0.18032056406250002 0.1117194359375 0.1667529796875 0.11270692499999999 0.11518062656250001 0.1204769703125 0.08185250625 0.1367035171875 0.0319205703125 0.1372008296875 0.0126126015625 0.140750290625 0 0.043909003125 0
0 0.49458047031249996 0 0.4890625 0.0025627765625 0.4890625 0.151505415625 0.5046095421875 0.089149634375 0.5226196578125 0.0777027375 0.5360761828125 0.04652695625 0.5292458 0.0169336328125 0.5004350671875 0 0.49458047031249996 0
0 0.72473489375 0.0762994203125 0.5402105015625 0.15911902656250002 0.5434301734375 0.1917964296875 0.5546685765625 0.1999109203125 0.734378684375 0.1212034203125 0.737192090625 0.1365140953125 0.702549228125 0.14248587343750002 0.6939069859375 0.16954954687499998 0.7371638640625 0.1936158 0.8737778859375 0.185177971875 0.8886704515625 0.186234884375 0.8980383234375001 0.2018516609375 0.9154683765625 0.18893202656250002 0.9225007843749999 0.14552965 0.919817725 0.1182984828125 0.9051424062500001 0.0973740796875 0.8947599828125 0.12001954687500001 0.8731391531250001 0.1345505234375 0.7550718578125 0.1369876890625 0.7673248140625001 0.1068399359375 0.7664253875 0.0800534765625 0.7442527234374999 0.036010010937499996 0.73101344375 0.0473183015625 0.72473489375 0.0762994203125
0 0.8754269453125 0 0.87270244375 0.010927379687499999 0.87783609375 0.032128996874999996 0.8968325343749999 0.0395215609375 0.9100283656249999 0.03218676875 0.9797942484375 0.1398928609375 0.9992838515625 0.1567051578125 1 0.15616910625 1 0.090792125 0.9431048437499999 0.0059027921875 0.9431031531249999 0 0.8754269453125 0
0 1 0.16280924375 0.9231395156249999 0.196157096875 0.9432526296875 0.2104686328125 0.9495464 0.23461572187500002 1 0.2128358234375 1 0.16280924375
0 0.8993157875 0.3031065546875 0.87011071875 0.302465465625 0.8444446859375001 0.3598155 0.807307784375 0.3757903265625 0.7903274437500001 0.4021031921875 0.7887328296874999 0.4388926984375 0.796273621875 0.45803826562500005 0.815096265625 0.4813248203125 0.83770341875 0.4856333078125 0.8592373484374999 0.4790493265625 0.88584625625 0.44451225 0.8896742140625001 0.4215606828125 0.8799435265625 0.38460368125 0.905072946875 0.3218074109375 0.8993157875 0.3031065546875
0 1 0.1631649953125 0.966874334375 0.17651487500000002 0.9659901296874999 0.20285662499999998 0.975662146875 0.19065891562499998 0.9699636578125 0.22111277031249998 1 0.21095473281250002 1 0.1631649953125
0 0.9369024046875001 0.3005249578125 0.9496333 0.22666872656249998 0.942802915625 0.197075403125 0.932724634375 0.19190638437500002 0.8656722546875001 0.2176878796875 0.8350029203125 0.241915803125 0.719879378125 0.24774314999999997 0.709047240625 0.2569953875 0.7039722625 0.28494848125 0.70678566875 0.30025915625 0.7180675203125 0.30440014843749996 0.867833925 0.292601025 0.8987791765625002 0.2976603203125 0.90627651875 0.32077938281249996 0.91813843125 0.3263931125 0.9369024046875001 0.3005249578125
0 0.8049103046875 0.509375 0.8023501468750001 0.50205284375 0.77572601875 0.48346170937500005 0.7632970484375 0.3661453296875 0.755132746875 0.3495005265625 0.7408636921875 0.3459428515625 0.724593759375 0.3618079578125 0.719605678125 0.3818140546875 0.730787628125 0.5041319578125 0.7278844703124999 0.509375 0.8049103046875 0.509375
0 0.6768690765625001 0.509375 0.681919159375 0.5025725640625 0.686907240625 0.482566465625 0.6799030609375001 0.4688671359375 0.500988040625 0.36582175625 0.5054829578125 0.3363959265625 0.4991022890625 0.32019583281249997 0.4890625 0.3200473515625 0.4890625 0.42720888281249997 0.6279794421875 0.509375 0.6768690765625001 0.509375
0 0.648925146875 0.1941932953125 0.6444736796875 0.219645625 0.6530442453124999 0.25365715624999996 0.581570840625 0.41114740000000005 0.6189402109375 0.42843329375000005 0.690413615625 0.2709430484375 0.7127448515625 0.2459643125 0.7307115171875 0.2384909140625 0.7332924562500001 0.22054086874999998 0.7228948093750001 0.1900581265625 0.7022016343749999 0.17427385625 0.6640349578125 0.1753827171875 0.648925146875 0.1941932953125
0 0.5072633875 0.509375 0.4986671359375 0.5408325046875 0.49284219531250006 0.5829272375000001 0.4890625 0.58290703125 0.4890625 0.9880611203124999 0.6105094953125001 0.5230972125 0.6096301046875 0.509375 0.5072633875 0.509375