0 0.4890625 0.154639409375 0.47586598125 0.1584806765625 0.42486926562500005 0.1768953359375 0.252702890625 0.2311653609375 0.22343333593749998 0.23907012500000002 0.1474867296875 0.2622269359375 0.1232997296875 0.26820970625 0.0615673453125 0.2877840828125 0.0575720703125 0.29129857187499997 0.056709796874999996 0.29428739843749996 0.0600208953125 0.328652915625 0.065227709375 0.357846059375 0.0702669453125 0.41875 0.3533267046875 0.41875 0.4890625 0.37969989531250004 0.4890625 0.154639409375
0 0.1561071234375 0.1724407796875 0.157921403125 0.172756528125 0.1591260125 0.1713782625 0.1570444 0.17097906093749998 0.1561071234375 0.1724407796875
0 0.4890625 0 0.4410708328125 0 0.4184724484375 0.00823899375 0.27561152031249997 0.057121618750000006 0.11754525468749999 0.10727235625 0.08170325625 0.11713524374999999 0.0109533171875 0.13890691718749998 0 0.14184306875 0 0.346270575 0.0506007296875 0.33247883749999996 0.056581451562499996 0.330085378125 0.057461671874999995 0.32835523125 0.058351545312499996 0.316102240625 0.05436406875000001 0.2902971265625 0.0579387875 0.2871525828125 0.072765896875 0.28175654843750003 0.10824439687500001 0.272532034375 0.226605446875 0.237554209375 0.37324493593749997 0.1923572984375 0.43182637343749997 0.172049903125 0.481846703125 0.15608721875 0.4890625 0.15357889375 0.4890625 0
0 0 0.41875 0 0.43567635156250006 0.0823672828125 0.42019894999999996 0.1085292640625 0.4195742421875 0.1317444671875 0.499103459375 0.12480927500000001 0.5060622390625 0.13508576562500002 0.5247196125 0.1285967375 0.533777421875 0.13149679375 0.5474211109375 0.141332040625 0.554106021875 0.1339457671875 0.5688392046875 0.141763446875 0.58582535 0.14129761093749998 0.6232200531250001 0.1531405890625 0.63935059375 0.149105453125 0.6599530640625 0.16341216249999999 0.6678813984375 0.153343996875 0.679893840625 0.1687661109375 0.6930697484375 0.1593671890625 0.7082307359375 0.17389205937500002 0.7270820171875 0.16695195000000002 0.74391423125 0.179469090625 0.75331988125 0.16805751875 0.7689086703125 0.1848230390625 0.7785082328125 0.17497303749999998 0.801443621875 0.1939742890625 0.8116648984375001 0.1783143375 0.827059775 0.1859089359375 0.842996403125 0.1821018 0.8547749546875 0.1930524515625 0.8667074390625 0.1852200171875 0.8793415937500001 0.2044443515625 0.8906123843749999 0.195491590625 0.9078723968750001 0.20621424375 0.9286287984375001 0.199725215625 0.9376866078125001 0.20665056874999999 0.9504746953125001 0.20328959531250002 0.9643522749999999 0.2104281953125 0.9979367421875001 0.2124619921875 1 0.4890625 1 0.4890625 0.84007635625 0.48308720781250003 0.8259003546875 0.48444044999999997 0.80257714375 0.47438212343749997 0.7948427203125 0.48558044999999994 0.7584575499999999 0.48245731249999996 0.7437643453125 0.470386334375 0.736457725 0.4766522828125 0.7263504000000001 0.46793735937500003 0.7150396296875 0.46594930312500005 0.6661002671875 0.45076502500000004 0.6243535734375 0.4563617296875 0.6110977046875 0.4469775625 0.5966383921875 0.44542583125 0.5695449234375001 0.4382724765625 0.5655807562499999 0.43805923281250003 0.5447843750000001 0.42822398437500003 0.538099465625 0.425348521875 0.4750886109375 0.41663851875 0.4539044078125 0.42469403437500003 0.442319765625 0.4178381953125 0.41875 0 0.41875
0 0.8057048109375 0.41875 0.7625004390625 0.4336751578125 0.7584087343749999 0.4491776140625 0.7784954859375001 0.47417351874999997 0.8265795468749999 0.457124325 0.821818209375 0.434723996875 0.8068141343749999 0.41875 0.8057048109375 0.41875
0 0.9114303578125 0.41875 0.90695111875 0.43906530468750005 0.9254507578125001 0.4565944328125 0.95086911875 0.45802020312499997 0.9784448640625001 0.4209422921875 0.974431034375 0.41875 0.9114303578125 0.41875
0 0.7753710500000001 0.5567809671875 0.8305971156249999 0.573332265625 0.8626365593750001 0.52945246875 0.806195375 0.51413496875 0.7753710500000001 0.5567809671875
0 1 0.53975655 0.9712287234375001 0.5190521968749999 0.9546881890625001 0.5176904171875 0.9255005468749999 0.554135434375 0.95969759375 0.5829607109375 1 0.5594374531249999 1 0.53975655
0 0.5702385546875 0.48137029375000007 0.613313428125 0.5102595640625001 0.650114209375 0.4887800953125 0.6606782875 0.4689753453125 0.61718185 0.44505326093750003 0.5702385546875 0.48137029375000007
0 0.4890625 0.5243559296875 0.51888113125 0.5108214531249999 0.516897240625 0.5014879828125001 0.4890625 0.4761199515625 0.4890625 0.5243559296875
0 0.4890625 0.6411183640625 0.49378541093750006 0.642972771875 0.5430350203125001 0.6383575390624999 0.5533014609375 0.5893505796875 0.4890625 0.585853253125 0.4890625 0.6411183640625
0 0.6613729218750001 0.611253009375 0.6921228921875 0.589108646875 0.6978264953125001 0.5742390875 0.661620771875 0.54291421875 0.6284901328125 0.5538584156249999 0.60743633125 0.5729662765625 0.622265828125 0.6010306765625 0.644014046875 0.6129917203125 0.6613729218750001 0.611253009375