0 0 0.88256116875 0.0245270125 0.8917775484374999 0.1097082125 0.9022364843750001 0.1790934078125 0.8882556953125 0.234343959375 0.8975396359375001 0.250897846875 0.854571759375 0.24870634218749998 0.8418025531249999 0.023207260937499998 0.795364565625 0 0.7932511890625 0 0.88256116875
0 0 0.9330137562499999 0.054569662500000005 0.9379667375 0.126334896875 0.9505284359375 0.2181298109375 0.9530493484375 0.22304296250000002 0.9436525109375001 0.2207002546875 0.932114753125 0.1634467375 0.9238348921874999 0.14368213125 0.9164080562500001 0.004799740625 0.8993554421875001 0 0.8981183250000001 0 0.9330137562499999
0 0 0.748999028125 0.00442640625 0.7493081390625 0.211370503125 0.778467715625 0.23669040468749997 0.786576659375 0.26446688281249997 0.78998718125 0.2686240203125 0.7867475765624999 0.271288734375 0.772699621875 0.25052264375 0.765774825 0 0.7241169375000001 0 0.748999028125
0 0 0.6536383890625 0.1503406546875 0.6784732921875 0.1894162609375 0.69702130625 0.274785996875 0.7212535250000001 0.287049275 0.7208842484375 0.29288924375000003 0.6809759109375 0.291453753125 0.662049471875 0.20952247656249998 0.6557396125 0.17913821875 0.65825895625 0.1181811703125 0.6495243578125001 0.10816633125 0.6545447531249999 0.068825653125 0.6534643609375 0 0.6304265859375 0 0.6536383890625
0 0.09741695 0.5813491921875 0.109603690625 0.6122208234375 0.303131821875 0.6434831625 0.304135175 0.58173075625 0.2890755828125 0.574256615625 0.204347990625 0.5601033390625 0.192556053125 0.5949058234375 0.09741695 0.5813491921875
0 0.1680059671875 0.3796875 0.1661086734375 0.381656446875 0.2213592265625 0.39094038593749997 0.2278590703125 0.3992385390625 0.24467616093750003 0.40005340624999997 0.25344404374999996 0.38987985625 0.275060415625 0.3975340625 0.321656953125 0.40075537499999997 0.328573071875 0.3903544578125 0.3237737890625 0.38351511718750003 0.28273255 0.38097591249999996 0.27836595000000003 0.3796875 0.1680059671875 0.3796875
0 0.5890625 0.6168131921875 0.5827502375 0.6165653890625 0.5611908015625 0.600793096875 0.552896125 0.5841494859375 0.5204715671875 0.5726681765625 0.4945841875 0.584489753125 0.45675553593749996 0.57109489375 0.3868420671875 0.5587605625000001 0.35872585 0.542808203125 0.35012876875 0.5286274859375 0.3787555296875 0.532767415625 0.40101404531249996 0.5505005640625 0.45686940624999994 0.5548587171875 0.47389463281250005 0.5463240468749999 0.41469508125 0.530930178125 0.37497733125 0.5023032187500001 0.3530958875 0.5121166390624999 0.343251853125 0.492782765625 0.330195228125 0.48430454687499996 0.2738293234375 0.4917588234375 0.283162815625 0.522905125 0.316531925 0.5420024828125001 0.308443515625 0.57725970625 0.300186175 0.575620825 0.292722178125 0.5828294406250001 0.304928521875 0.590578253125 0.30065751406249996 0.6100540328124999 0.30708082187499997 0.64959309375 0.2932859171875 0.685399659375 0.283703215625 0.771098896875 0.3038271609375 0.767944753125 0.332379253125 0.7420752234375 0.38834848437499997 0.7301971984375 0.40252046249999995 0.7219372 0.4174857875 0.7225246984375 0.43509622343750004 0.7321870625 0.4870968515625 0.7373219234375 0.5349599421875 0.7225735703125 0.5154977421875 0.712683840625 0.52402015625 0.696855096875 0.5755298437499999 0.69067956875 0.5890625 0.6912609484375001 0.5890625 0.6168131921875
0 0.5890625 0.61694329375 0.584602003125 0.6167927578125 0.561342003125 0.5995616500000001 0.552896125 0.5841494859375 0.5204715671875 0.5726681765625 0.49643595312500005 0.584717121875 0.4621596296875 0.5730084453125001 0.3865396625 0.56122345625 0.3507709140625 0.5387064296874999 0.34597163124999997 0.531867090625 0.351432659375 0.525662553125 0.3636390015625 0.533411365625 0.3733514359375 0.530853865625 0.38415962187499997 0.53468096875 0.4027146078125 0.5519593796875 0.45686940624999994 0.5548587171875 0.47644547656249997 0.5485122703125 0.489407834375 0.550103846875 0.49286589375 0.5449033890624999 0.4767478828125 0.5460493765625001 0.4183986125 0.5313849140625 0.37497733125 0.5023032187500001 0.3493923578125 0.5116619015625 0.340701009375 0.4905945421875 0.3298928234375 0.486767440625 0.3210306703125 0.49005434687499994 0.31759034218750004 0.53338235625 0.3308924375 0.5475157687500001 0.318421021875 0.55723458125 0.30526826093750004 0.6031200875 0.318342615625 0.64972585625 0.30787416875 0.6584405906249999 0.2911690796875 0.7026399140625 0.293851525 0.726719509375 0.282966803125 0.7541333124999999 0.2829472015625 0.7772561328125001 0.3241592453125 0.755441071875 0.3322280515625 0.7433066687500001 0.3881972828125 0.7314286437499999 0.40622399375 0.7223919359375 0.44960793906249996 0.7364689 0.46317510625 0.7331346890624999 0.49080038281249994 0.7377766593749999 0.5066729234375 0.7309754765625 0.5589759562500001 0.7336474453124999 0.5154977421875 0.712683840625 0.5191639390625 0.6981338453125 0.573678078125 0.6904522 0.5890625 0.6913749656249999 0.5890625 0.61694329375
0 1 0.3796875 0.9405317171875 0.3796875 0.85549574375 0.5896013171875 1 0.5646986468749999 1 0.4740814875 0.993360775 0.4336719359375 1 0.428005215625 1 0.3796875
0 0.6579876062500001 0.3796875 1 0.904861121875 1 0.5668059828125 0.8517373703125 0.594078621875 0.93324658125 0.3796875 0.6579876062500001 0.3796875
0 0.5890625 0.6549313999999999 0.8832831999999999 0.7683396531250001 0.8734523124999999 0.7177448359375 0.724689434375 0.49205055781249996 0.6479792 0.541897009375 0.5890625 0.5519435968749999 0.5890625 0.6549313999999999