0 0.95390625 0.46875 0.93359375 0.4671875 0.87890625 0.5390625 0.84765625 0.528125 0.82265625 0.5359375 0.80625 0.48359375 0.77109375 0.453125 0.7140625 0.47109375 0.709375 0.48828125 0.7359375 0.57265625 0.7703125 0.60078125 0.78515625 0.6234375 0.82578125 0.63125 0.87578125 0.628125 0.91015625 0.6421875 0.928125 0.64140625 0.94453125 0.6359375 0.978125 0.59453125 0.9953125 0.52265625 0.9890625 0.50234375 0.97421875 0.49375 0.95390625 0.46875
0 0.6484375 0.57421875 0.61875 0.52421875 0.5953125 0.43203125 0.55234375 0.3984375 0.52109375 0.4015625 0.50234375 0.421875 0.49140625 0.4140625 0.48125 0.43984375 0.46171875 0.459375 0.40703125 0.471875 0.384375 0.50078125 0.3953125 0.51953125 0.3859375 0.57265625 0.37734375 0.5859375 0.35390625 0.590625 0.3421875 0.60859375 0.34453125 0.6171875 0.40859375 0.6421875 0.46171875 0.64375 0.475 0.65234375 0.47890625 0.6640625 0.49453125 0.6640625 0.49453125 0.675 0.53125 0.68046875 0.53359375 0.6734375 0.54609375 0.675 0.54921875 0.665625 0.61328125 0.6546875 0.65 0.62578125 0.6484375 0.57421875
0 0.90234375 0.309375 0.87109375 0.3140625 0.8515625 0.33984375 0.846875 0.38046875 0.8734375 0.40078125 0.87421875 0.4140625 0.88359375 0.409375 0.88671875 0.4171875 0.91875 0.42421875 0.93515625 0.415625 0.9484375 0.41640625 0.953125 0.36171875 0.93046875 0.3234375 0.91953125 0.325 0.90234375 0.309375
0 1 0.28359375 0.95546875 0.2859375 0.975 0.31328125 0.9796875 0.33359375 0.975 0.34609375 0.98125 0.35859375 1 0.37109375 1 0.28359375
0 0.8203125 0.29765625 0.8359375 0.31015625 0.86640625 0.303125 0.86875 0.28671875 0.84296875 0.275 0.81328125 0.2765625 0.8109375 0.28203125 0.8203125 0.29765625
0 0.7765625 0.36171875 0.77890625 0.36875 0.7921875 0.36953125 0.8046875 0.36484375 0.7984375 0.35234375 0.8203125 0.33359375 0.79609375 0.321875 0.78125 0.33203125 0.7765625 0.36171875
0 0.8265625 0.44140625 0.8203125 0.48515625 0.83046875 0.4953125 0.840625 0.49453125 0.85234375 0.4796875 0.86171875 0.4796875 0.88125 0.46640625 0.87734375 0.446875 0.84921875 0.4375 0.8265625 0.44140625
0 0.6984375 0.34921875 0.69453125 0.3421875 0.678125 0.34296875 0.68203125 0.3546875 0.6921875 0.35390625 0.6984375 0.34921875
0 0.4515625 0.40859375 0.43046875 0.40625 0.4234375 0.41640625 0.4234375 0.43359375 0.446875 0.43828125 0.4515625 0.40859375
0 0.340625 0.46015625 0.3328125 0.43984375 0.3421875 0.41640625 0.3390625 0.40234375 0.315625 0.38046875 0.3078125 0.36171875 0.2828125 0.34453125 0.278125 0.32265625 0.23828125 0.3 0.178125 0.36796875 0.1671875 0.38984375 0.1625 0.41796875 0.1828125 0.42734375 0.1921875 0.49296875 0.2125 0.52890625 0.2515625 0.54921875 0.2734375 0.53515625 0.27109375 0.503125 0.29921875 0.509375 0.31484375 0.5390625 0.3359375 0.53203125 0.340625 0.46015625
0 0.09375 0.46640625 0.103125 0.48515625 0.1296875 0.49140625 0.140625 0.47421875 0.140625 0.44765625 0.12890625 0.44375 0.11484375 0.4546875 0.09921875 0.4515625 0.09375 0.46640625
0 0.10078125 0.5203125 0.08984375 0.5171875 0.08359375 0.5265625 0.06640625 0.5203125 0.05859375 0.534375 0.05 0.52578125 0.0515625 0.51015625 0.04453125 0.4984375 0.01640625 0.4828125 0.0015625 0.49140625 0 0.55234375 0.01328125 0.565625 0.05234375 0.575 0.103125 0.57578125 0.13515625 0.5734375 0.146875 0.55859375 0.146875 0.53984375 0.12734375 0.5125 0.11640625 0.5078125 0.10078125 0.5203125
0 0.10625 0.32734375 0.1 0.34140625 0.1015625 0.35703125 0.1140625 0.36328125 0.115625 0.37265625 0.1265625 0.36640625 0.14453125 0.3375 0.1609375 0.33046875 0.15546875 0.3203125 0.11796875 0.3203125 0.10625 0.32734375
0 0.02421875 0.3890625 0.0296875 0.40078125 0.046875 0.37421875 0.040625 0.35546875 0.03359375 0.3515625 0.0078125 0.36328125 0.0140625 0.38515625 0.02421875 0.3890625
0 0.20859375 0.2734375 0.2 0.28671875 0.2125 0.29140625 0.23125 0.27890625 0.20859375 0.2734375
0 0 0.61953125 0.00703125 0.625 0.02578125 0.6265625 0.03671875 0.634375 0.10390625 0.6296875 0.12734375 0.640625 0.15390625 0.6421875 0.171875 0.65390625 0.17890625 0.671875 0.221875 0.68671875 0.26484375 0.68125 0.29765625 0.66875 0.35078125 0.6765625 0.37578125 0.6734375 0.384375 0.66640625 0.3875 0.64296875 0.37265625 0.6265625 0.33046875 0.621875 0.33359375 0.6078125 0.29765625 0.646875 0.29453125 0.6359375 0.28125 0.63359375 0.28203125 0.6265625 0.20703125 0.6171875 0.18046875 0.6203125 0.07890625 0.6 0.06796875 0.6 0.0703125 0.60859375 0.06328125 0.6109375 0.06015625 0.6015625 0.03984375 0.603125 0.046875 0.59609375 0.03203125 0.596875 0.0265625 0.59296875 0.02890625 0.5875 0 0.58828125 0 0.61953125
0 0.415625 0.66328125 0.43046875 0.675 0.44921875 0.678125 0.46640625 0.6671875 0.47890625 0.6796875 0.4921875 0.67890625 0.5 0.67578125 0.48203125 0.671875 0.47265625 0.6578125 0.45234375 0.6484375 0.4125 0.64921875 0.415625 0.66328125
0 0.56640625 0.66875 0.54609375 0.6875 0.5296875 0.68828125 0.53046875 0.703125 0.54296875 0.7 0.57421875 0.7203125 0.67734375 0.753125 0.728125 0.76015625 0.73125 0.75390625 0.70703125 0.7390625 0.64296875 0.71875 0.58828125 0.6921875 0.58515625 0.665625 0.56640625 0.66875
0 0.70859375 0.6515625 0.62265625 0.6546875 0.596875 0.66484375 0.60234375 0.671875 0.62109375 0.675 0.6953125 0.67734375 0.71953125 0.671875 0.77421875 0.6734375 0.81015625 0.6671875 0.8203125 0.66015625 0.80859375 0.653125 0.70859375 0.6515625