0 0.42459870625 0.3390625 0.41667981562499995 0.320817496875 0.438875090625 0.276497059375 0.40631664062499995 0.2125826578125 0.30594182187499996 0.165576775 0.27209673749999996 0.07427849843749999 0.2167137171875 0.0188253671875 0.1801691671875 0.072264415625 0.1188700984375 0.0930889234375 0.0986187953125 0.1563179421875 0.17744165625 0.2613361984375 0.2322234265625 0.23659570312499997 0.2726418984375 0.24314104687500002 0.36584207812499997 0.294706234375 0.3131213109375 0.3390625 0.42459870625 0.3390625
0 0.7278048546875 0.3390625 0.735836284375 0.3325320796875 0.7313798296875 0.31465821250000003 0.704690003125 0.2982595328125 0.6935008171875 0.32952679375 0.6958783359375 0.3390625 0.7278048546875 0.3390625
0 0.7377736484375 0.2967912078125 0.7464926515625 0.3027537390625 0.7712862953124999 0.2897916375 0.76864965625 0.2538351203125 0.7536543796874999 0.2480813671875 0.735344646875 0.26891934375000004 0.7377736484375 0.2967912078125
0 0.7619788078124999 0 0.7660327453125 0.0185313109375 0.7857195671875 0.00684248125 0.7843330203125001 0 0.7619788078124999 0
0 0.5105786015625 0.363478515625 0.5013171640625 0.3448968359375 0.489878925 0.35471231406250003 0.4971429546875 0.37147080312499997 0.5105786015625 0.363478515625
0 0.2358916984375 0.3390625 0.24766779218749999 0.410459928125 0.3217646453125 0.6333905015625 0.3353823609375 0.6323164265625 0.33374641562499996 0.6071910921875 0.311957 0.5940541890625 0.3351949421875 0.5511210890625 0.305769334375 0.3959735859375 0.28174242031249996 0.3390625 0.2358916984375 0.3390625
0 0.2095537046875 0.62887100625 0.2231714203125 0.62779693125 0.2386018 0.584489271875 0.16796425625 0.4930047015625 0.180500259375 0.5989756140625 0.2095537046875 0.62887100625
0 0.293051515625 1 0.294917428125 0.9836221421874999 0.2800252296875 0.93626874375 0.286922446875 0.9020522468750001 0.23843310624999997 0.7632638765624999 0.225543665625 0.7920107953125 0.24915377031250002 0.8743298062499999 0.251335921875 0.920209771875 0.2393541515625 0.9464091812500002 0.261444990625 1 0.293051515625 1
0 0.04472624375 0.3390625 0.0526581453125 0.3708756234375 0.0777141 0.35998606875 0.0698119453125 0.3390625 0.04472624375 0.3390625
0 0 0.3390625 0 0.48148691875000005 0.000010645312499999999 0.481492596875 0.033412343750000004 0.38031654375 0.0109395515625 0.3390625 0 0.3390625
0 0.0982504328125 0.621804 0.0610279625 0.614836190625 0.0317897734375 0.540884025 0.019264471875 0.5834673640625001 0.030164529687500004 0.6643129421875 0.042148975 0.675252096875 0.035251759375000004 0.7094685921874999 0.090094784375 0.8304243984374999 0.12059943125000001 0.8413883500000001 0.1550962171875 0.8188601249999999 0.12821957343749998 0.760567571875 0.134752653125 0.7125146546875 0.124580871875 0.6593419203125 0.0982504328125 0.621804
0 0.0937334859375 0.93165005 0.11479462656249999 0.917114109375 0.1038972453125 0.8734070968750001 0.091005128125 0.8650154515625001 0.081746365625 0.8835723328124999 0.0937334859375 0.93165005
0 0 0.3390625 0 0.48148691875000005 0.000010645312499999999 0.481492596875 0.033412343750000004 0.38031654375 0.0171018890625 0.3390625 0 0.3390625
0 0.1988299765625 1 0.16381679843750002 0.8909642999999999 0.161996109375 0.8217821921875 0.1293093109375 0.7649382734375 0.134752653125 0.7125146546875 0.124580871875 0.6593419203125 0.09425561875 0.6181576156249999 0.065022778125 0.618482575 0.0336051125 0.53578900625 0.019264471875 0.5834673640625001 0.030164529687500004 0.6643129421875 0.042148975 0.675252096875 0.035251759375000004 0.7094685921874999 0.0911845234375 0.8347951 0.1033510375 0.8526524640625001 0.1058919765625 0.838091725 0.11878409062499999 0.8464833687500001 0.16202389374999998 1 0.1988299765625 1
0 0.69642046875 0.633591165625 0.6949158359375 0.6430794546875 0.715266553125 0.7291368828125 0.7446098703125 0.798039784375 0.7587961859375 0.792845803125 0.7394396234375 0.75956243125 0.7159656359375 0.6742837234375 0.7093653578125 0.6345059796875001 0.69642046875 0.633591165625
0 0.7125104828125 1 0.6975177546875 0.9373651703124999 0.697804428125 0.9074688640625 0.694881496875 0.902398359375 0.6918839625000001 0.9081165328124999 0.682777359375 0.9070731953125 0.6747235796875 0.892511875 0.66782489375 0.895888846875 0.6662691265625 0.889649003125 0.6563846390625 0.8854857421875 0.6390625 0.8881208968750001 0.6390625 0.932562940625 0.650491840625 0.928378359375 0.659449240625 0.9509990546874999 0.6693454609375 0.9419039109374999 0.6887883593749999 0.9511401984375001 0.699678734375 0.9948191062500001 0.6995931203125 1 0.7125104828125 1
0 0.8562922937499999 0.5208254984374999 0.8486668578125001 0.53681068125 0.9156906109375 0.8100634234375 0.9222514890625 0.8208546265625 0.939875415625 0.8272305671875 0.9575110734375001 0.8203481015625 0.9661776015625 0.8041033437500001 0.8947380171875 0.52200998125 0.8746429687500001 0.5145932249999999 0.8562922937499999 0.5208254984374999
0 0.6814277421875 0.3738765921875 0.6712800484375 0.37309282499999996 0.6689975312499999 0.37946119375 0.680826728125 0.391424259375 0.6898704625 0.389997871875 0.6955394546875 0.379471290625 0.6923767859375001 0.3512634671875 0.68482595 0.3564599703125 0.6814277421875 0.3738765921875