0 0.1860845390625 0 0.17102395937499998 0.0081581625 0.18934494531249998 0.0438091046875 0.15016897812500002 0.162620775 0.19340146875 0.21499576875 0.239314321875 0.23025126562499998 0.24897033125 0.292888171875 0.3044108171875 0.33121947500000004 0.30844935 0.3889731828125 0.373050328125 0.4451299578125 0.4378900703125 0.4669759703125 0.47073227500000003 0.446213384375 0.4655923234375 0.372708665625 0.41576931406249995 0.339260559375 0.42296573437499996 0.291273246875 0.458983815625 0.2782025984375 0.4595897171875 0.24914217343749998 0.56875 0.33945646093750004 0.56875 0.0062470375 0.5424340328125 0 0.5078780703125 0 0.4887425375 0.0624432609375 0.42720705 0.08785028125 0.3368499 0.0783406375 0.3118100203125 0.022055487500000002 0.290808671875 0.0235240453125 0.28214369375000004 0.050510009375 0.2577246703125 0 0.2568644578125 0 0.237571021875 0.016694762499999998 0.210367815625 0 0.1860845390625 0
0 0 0 0 0.0789811765625 0.0270800109375 0.10000185937499999 0.07664626875 0.054327768750000005 0.10851542968750001 0.057375270312500004 0.14233067500000002 0.012802596874999999 0.1347697765625 0 0 0
0 0.5733219078125 0 0.613799059375 0.125513009375 0.6301014406250001 0.2116162734375 0.651934703125 0.26654105 0.6625261796874999 0.34449040000000003 0.68132543125 0.392784728125 0.6829919671875 0.41661731562500004 0.664314690625 0.443583134375 0.6708588640625 0.4636533421875 0.6630662562499999 0.4624876015625 0.663571434375 0.4513330390625 0.6163106078125 0.4554931640625 0.6172629140625 0.4691117875 0.6380828828125 0.4727878671875 0.6180961828125 0.48102808125 0.6180381328125 0.5169558265624999 0.641287625 0.51875 0.7213732453125 0.51875 0.7403390937500001 0.501561103125 0.7323374328125001 0.4790268359375 0.7883722015625001 0.47168719843750007 0.8234969875000001 0.44100528125 0.8084459765625001 0.40955536875 0.758299203125 0.3908235 0.718258946875 0.22255821875 0.6442211484375 0 0.5733219078125 0
0 0.70793676875 0 0.7147429109375001 0.0620028234375 0.7779839015625 0.26799074218749996 0.7559764875 0.3208492015625 0.7814069890625 0.33532211875 0.8047848125 0.3388193359375 0.87604768125 0.328704196875 0.9009120156249999 0.316701603125 0.9001077734375 0.2868214359375 0.87429113125 0.28520540781250003 0.8699477 0.2598493546875 0.863731615625 0.262850003125 0.85400536875 0.2524108921875 0.8096826671875 0.0964196296875 0.7823765765624999 0.036745595312500004 0.779807075 0 0.70793676875 0
0 1 0.097468984375 0.8952503546875 0.051946490624999994 0.8032255703125 0.0224578046875 0.786659021875 0.0244715765625 0.7989141 0.052695696874999996 0.8316320312500001 0.0794889140625 0.910481390625 0.12272880312500001 0.993613196875 0.1536946734375 0.9949226187499999 0.172420278125 1 0.17383239374999998 1 0.097468984375
0 1 0.1806098671875 0.978594146875 0.17783870468750002 0.8059634515624999 0.061611342187499994 0.8260431 0.146595146875 0.9180098328125 0.212011578125 0.904091153125 0.23351268749999998 0.9052815375 0.250535965625 0.9191421656250001 0.2649626015625 0.9493312640625 0.273970809375 0.9849031796875 0.268062075 1 0.2596608984375 1 0.1806098671875
0 0.7609992515624999 0.22726745781250002 0.7486541609375 0.1793771375 0.701570425 0.14931184375 0.7148678203125 0.21082078750000002 0.7565977687500001 0.23783915000000003 0.7609992515624999 0.22726745781250002
0 0.56875 0.1295138671875 0.5958650359375 0.144728921875 0.6113312140625 0.1453580734375 0.5907173609374999 0.08949270312499999 0.56875 0.0751088125 0.56875 0.1295138671875
0 1 0.2881239390625 0.9946004015625001 0.2964650578125 0.9546850546875 0.2770177390625 0.9287493734375 0.2736993828125 0.8799700749999999 0.2377653765625 0.8580497375 0.2367322171875 0.8619170140625 0.255278959375 0.9104582375 0.2878083125 0.914325515625 0.3063550546875 0.9004068375 0.3278561640625 0.9720878078125 0.3604780796875 0.9795842875 0.394166909375 0.9973412203125 0.4091764140625 1 0.40945276562500005 1 0.2881239390625
0 0.6531367 0 0.6773854203124999 0.0423766421875 0.7109656453125 0.06312228125 0.70534365625 0 0.6531367 0
0 1 0.4105434609375 0.9947833625000001 0.4093552765625 0.9798223640625 0.3975715640625 0.9645332765625 0.36271699687500003 0.917806653125 0.3377586875 0.8711700453125001 0.33246657812499997 0.807699784375 0.3437474578125 0.7544899765624999 0.33634901250000004 0.7634149156250001 0.390465775 0.8110038328125 0.40937650625 0.8281365484375 0.4338382453125 0.8239731406249999 0.44781459218749997 0.7859333828125 0.47356838906250004 0.7490230203125 0.47871539218750003 0.7445024984375 0.48758475625 0.7575008328124999 0.5080589703125 0.8115729359374999 0.509409834375 0.8296026890625001 0.51875 0.8494809468750001 0.51875 0.8554136124999999 0.5114761515625 0.8665052093749999 0.51875 0.8799828078124999 0.51875 0.96379295625 0.44402472031249995 0.9915722640624999 0.43695024531250004 1 0.438688503125 1 0.4105434609375
0 0.56875 0.35610700624999997 0.6226747546875 0.436230971875 0.6647008296875 0.43072624375 0.6792147015625 0.41773677343750004 0.6671076890625 0.373251109375 0.634627834375 0.3498625453125 0.638167021875 0.3453384328125 0.6631213703125 0.3530020390625 0.65419643125 0.29888527656249997 0.6417932875 0.2869227015625 0.5797195281249999 0.26303756875 0.56875 0.2379570171875 0.56875 0.35610700624999997
0 1 0.6833037140625 0.56875 0.7149900625 0.56875 0.7403187921875001 1 0.70807415625 1 0.6833037140625
0 1 0.8897397765624999 0.56875 0.921426125 0.56875 0.947756996875 1 0.916578734375 1 0.8897397765624999