0 1 0.2252679921875 0.9078795484375 0.2462089625 0.872583075 0.258892240625 0.86152394375 0.2759218078125 0.877799240625 0.27937009218750003 0.9861989421875 0.25719248906250003 1 0.2535969234375 1 0.2252679921875
0 1 0.16273186875 0.906451 0.18261632187500002 0.8790647078125 0.1918913125 0.8655071640625 0.22154042031249999 1 0.19125513125 1 0.16273186875
0 1 0.0935120953125 0.8768300234374999 0.11638153437500001 0.8019826515625 0.1461062484375 0.7695476625 0.17631402812500002 0.7818160015625001 0.177160165625 1 0.127598228125 1 0.0935120953125
0 1 0 0.959033125 0 0.8329772234374999 0.0238140609375 0.74020228125 0.050441689062499996 0.706115015625 0.081000671875 0.722090978125 0.0871029734375 0.76445149375 0.0832797484375 0.8509685328125001 0.059709203125 1 0.035190548437500004 1 0
0 0 0.309375 0 1 0.041334253125 1 0.05895482656249999 0.9887459343749999 0.1471954 0.900057728125 0.2122779671875 0.8063016109374999 0.2748741125 0.6722802765625 0.308808146875 0.5618342859375 0.3304050203125 0.4556756875 0.340139671875 0.38200938125 0.34330949374999997 0.309375 0 0.309375
0 0.57152625625 0.309375 0.588246253125 0.3798163203125 0.5990735953125 0.395973825 0.615097140625 0.3968276671875 0.6431062734374999 0.49878787343750003 0.6568204828125 0.508652084375 0.6686571171875 0.494776790625 0.6751533625 0.5004955578125 0.692189378125 0.55083130625 0.7450339968749999 0.809383159375 0.740848675 0.834411375 0.714718709375 0.7959480265625001 0.712699334375 0.8361349484375001 0.7381107625000001 0.9556863218749999 0.7319036796875 0.96126543125 0.7223755875 0.9462516796875 0.7147250703125 0.9549774359375001 0.717902690625 0.9997393703124999 0.717962075 1 0.8572050250000001 1 0.8368457578124999 0.8438248312500001 0.772739653125 0.5422293218750001 0.7375077875 0.3168516171875 0.7355397265625 0.309375 0.57152625625 0.309375
0 1 0.841640603125 0.9478467593750001 0.6257021453125 1 0.9075255765625 1 0.841640603125
0 1 0.684373871875 0.9855233984375001 0.6191136453125 0.9579476140625001 0.524160915625 0.9996757265625 0.7552573890625001 1 0.7567070609375001 1 0.684373871875
0 0.4890625 0.71636603125 0.4903867 0.7243582 0.51839583125 0.8263184031249999 0.5103087875 0.748521978125 0.4890625 0.6485660515625 0.4890625 0.71636603125
0 0.8885489890624999 0.309375 0.8801312750000001 0.31209457343749997 0.8974572484374999 0.3936068734375 0.9049635828125 0.38917151875 0.8919694984375 0.33797663125 0.8986091343750001 0.319526321875 0.8936744921875001 0.309375 0.8885489890624999 0.309375
0 0.8403775906250001 0.309375 0.8477966125 0.3388463640625 0.8541478796875 0.3289768546875 0.849111025 0.309375 0.8403775906250001 0.309375
0 0.9084594265625 0.309375 0.936434728125 0.4279194796875 0.9427859953125001 0.41804997187500004 0.9176768828124999 0.309375 0.9084594265625 0.309375
0 0.9832069078125001 0.44921593125000003 0.9666042406249999 0.405887659375 0.9621297562500001 0.41961799843750003 0.978877403125 0.4785345453125 0.9832069078125001 0.44921593125000003