0 0.2625131875 0.17021118125 0.23844774375000002 0.178527303125 0.1573209859375 0.20157329375000002 0.119626328125 0.1397731890625 0.09487942499999999 0.1445835 0.0680167 0.18254955 0.024046017187499998 0.1765434890625 0.014039818749999999 0.20213727812500001 0.0328335671875 0.2657922109375 0.0678738203125 0.269895896875 0.094700825 0.253766434375 0.122137853125 0.2848159546875 0.1427959921875 0.2589707765625 0.2121593203125 0.2855089234375 0.2327817390625 0.28150033125 0.275496659375 0.214985009375 0.353826134375 0.2215889453125 0.40339138124999996 0.1682951515625 0.47487053125 0.161677559375 0.4893240859375 0.14795324999999998 0.4890012140625 0.1352820515625 0.409021665625 0.0871587078125 0.30246654375 0.1115092 0.270475003125 0.1340999578125 0.2625131875 0.17021118125
0 0.362219375 0.34183964218749996 0.372154134375 0.359919025 0.4140804359375 0.3554076515625 0.41619625625 0.3222519140625 0.3970081984375 0.2895989546875 0.3441070859375 0.2816905203125 0.323126075 0.2948645 0.33062214375 0.3334284234375 0.362219375 0.34183964218749996
0 0.20527327343750001 0.2941239828125 0.16639568437500002 0.3253298015625 0.1845794140625 0.34180575 0.2327103 0.3251735046875 0.20527327343750001 0.2941239828125
0 0.2952233 0.338490125 0.2791196734375 0.31069502656250003 0.24580093125000002 0.304437575 0.25706289375 0.35136516875 0.2821326671875 0.3592260578125 0.2952233 0.338490125
0 0.520096975 0.24020500312499998 0.47297042031250003 0.2730142578125 0.5110593875 0.3038123890625 0.5454538999999999 0.2825736765625 0.520096975 0.24020500312499998
0 0.5292774421875001 0.08925127031249999 0.50345476875 0.12155774374999999 0.545022478125 0.1262117578125 0.5581131109374999 0.105475828125 0.5292774421875001 0.08925127031249999
0 0.10245181249999999 0 0.0892477484375 0.0165194640625 0.1579296140625 0.0395518 0.1602968671875 0.062740434375 0.2152780796875 0.059329715625 0.23518331875 0.0736519 0.2661348078125 0.056720717187500005 0.21635385000000001 0.031833553125000004 0.211996871875 0 0.1568622 0 0.1418259875 0.0117567 0.13484530781249998 0 0.10245181249999999 0
0 0 0.0463054671875 0.033872225 0.050932156250000006 0.053131721875 0.039911940624999996 0.04972441875 0.022382884375000002 0.0029921734375 0.0241901640625 0 0.0203267375 0 0.0463054671875
0 1 0.3796875 1 0.136228621875 0.87776230625 0.1523664484375 0.8385736046875 0.18828164687499999 0.828038509375 0.2107037953125 0.827484125 0.2538240390625 0.811632540625 0.2795434234375 0.817764590625 0.34173829218749996 0.83074680625 0.3796875 1 0.3796875
0 0.48402446406250005 1 0.49903520468749996 0.974668625 0.5168538953125 0.9672462781250001 0.5142200609375001 0.9426862015624999 0.47066581875 0.9498327062499999 0.4612659859375 0.9345052921875 0.508288175 0.9121692937500001 0.504827909375 0.8943677640625001 0.4447757296875 0.9047211453124999 0.43041730468750006 0.9299450203124999 0.45697160937500003 0.956453334375 0.4249643859375 0.9679532343750001 0.4113285484375 1 0.48402446406250005 1
0 0.7867491671875 0.939390078125 0.8118896531249999 0.9145842218750001 0.803698071875 0.8834523624999999 0.7368371453125 0.8807981343750001 0.7208148109375 0.919482278125 0.74570111875 0.9374094890624999 0.7867491671875 0.939390078125