0 0 0.35 0.1768173890625 0.35 0.2087019625 0.12238939687499999 0.21160796718750002 0.100926015625 0.1967816640625 0.0932199828125 0.161718196875 0.10924742812499999 0.0798715328125 0.1063892796875 0.0159577484375 0.08403015781249999 0 0.08510574062500001 0 0.35
0 0.5310949140625001 0 0.541363959375 0.060799721875000004 0.54413199375 0.0681530203125 0.54948566875 0.0707588546875 0.5328342828125 0.071185240625 0.49479612812500007 0.0690506265625 0.48276784062499994 0.067018003125 0.45796642656250003 0.0669582125 0.36875 0.0621211375 0.36875 0.2238918546875 0.446341928125 0.226601425 0.49126541406249996 0.2307906390625 0.488398753125 0.23492357187500001 0.4676160125 0.2410513109375 0.4485756421875 0.2492556296875 0.4383035921875 0.25756457187500004 0.4350012375 0.2655121796875 0.437263471875 0.2700257890625 0.4434602109375 0.274475221875 0.4572871171875 0.2769738015625 0.4749081171875 0.2747671140625 0.48083789687500006 0.278199359375 0.48716118281250004 0.27902489375 0.48346551875 0.28091157031249997 0.4748092921875 0.2949209875 0.468078434375 0.2971048203125 0.44989539062499995 0.2980824390625 0.4422371 0.30083860625000003 0.44191369687500004 0.31009968125 0.459857503125 0.3246348453125 0.475356478125 0.331223278125 0.4815532171875 0.3356727109375 0.4818762234375 0.3437469203125 0.487159590625 0.3483660296875 0.4876417921874999 0.35 0.5271896500000001 0.35 0.5292166171874999 0.34802053593750004 0.5512218734375 0.34153233906249997 0.5882622921875 0.3462525640625 0.5895715640625 0.35 1 0.35 1 0.0749657 0.9882668812500001 0.0741886109375 0.95551209375 0.07667310625 0.9438911781249999 0.080298759375 0.935769071875 0.08767491093749999 0.9296705609375 0.089074534375 0.8764704968749999 0.0880230390625 0.8631915718750001 0.08715618124999999 0.8509806890625 0.0816904375 0.83479351875 0.060161553125 0.8288918609374999 0.0559239984375 0.8166952406250001 0.04138795625 0.810526821875 0.0274655703125 0.7996089578125 0.01095845 0.78807260625 0.0035005296875 0.781791503125 0.0014670296875 0.7810823140625 0 0.5310949140625001 0
0 0 0.707904309375 0.292842234375 0.638504459375 0.3214567296875 0.6244482343750001 0.32993928281249996 0.593475403125 0.3101466328125 0.5244555671875 0.277072728125 0.496664003125 0.23887697812500003 0.48838150156250004 0 0.544447009375 0 0.707904309375
0 0 0.9536513937500001 0.0238078453125 0.9672785390625 0.059046820312500005 0.9754577890625 0.09685479062499999 0.9524577015624999 0.1864790625 0.8444086109375 0.2195852671875 0.7865009484375001 0.21152279375 0.7630571421875 0.1328208015625 0.727881646875 0.10916658125 0.7270556234375001 0.07567259531250001 0.753680696875 0.0118352765625 0.7167080625000001 0 0.716294765625 0 0.9536513937500001
0 1 0.5908446265625 0.6579707156250001 0.3655722828125 0.621515340625 0.3550030296875 0.6182713921875 0.375172375 0.632429409375 0.40609072343749997 0.785153865625 0.5052311234375 0.8629026578125 0.5696391578125001 0.9546907671875001 0.632002128125 0.9535117296875001 0.66576533125 0.9693801484375001 0.6840667671875 1 0.6895301203124999 1 0.5908446265625
0 0.404211540625 0.35 0.4044369234375 0.3896779546875 0.45670655312499997 0.6382752 0.46384610625 0.724725678125 0.479656371875 0.78105500625 0.4820176359375 0.8588875281250001 0.49552718124999995 0.9083756390625 0.49470185625 0.93200988125 0.473525378125 0.9566236640625 0.47789100624999997 0.9770587421875 0.47034038281249996 0.9751048499999999 0.4719918328125 0.9641760968749999 0.4250366453125 0.9633814953125001 0.42456503125000006 0.9768867765625 0.444680375 0.9826598749999998 0.4241523671875 0.9887038984375 0.42294665625 1 0.537169825 1 0.536821396875 0.998554153125 0.5927428484374999 0.997126534375 0.630495165625 0.9705562656249999 0.618932625 0.9380383343750001 0.571505025 0.91440928125 0.5494984374999999 0.7446189125 0.49032665625 0.47549801406250003 0.47946994375 0.3500426953125 0.479453521875 0.35 0.404211540625 0.35
0 0.5331869546875 0.35 0.548607778125 0.47922345312500003 0.56235313125 0.521958921875 0.5626494859375 0.5861975859375 0.60359238125 0.795524259375 0.576458578125 0.8452832921875 0.5999955218749999 0.8621622984374999 0.622647390625 0.8680239750000001 0.6938469453125 0.8654396625 0.7195659046875 0.856196475 0.721865825 0.8266979609374999 0.696618478125 0.822435865625 0.69496623125 0.7970248859375 0.688536490625 0.7993356828125 0.680041840625 0.788052621875 0.652549540625 0.6299022171875001 0.63184308125 0.5683312546874999 0.6339063953125 0.5092456484375 0.6119164343750001 0.35 0.5331869546875 0.35
0 0.6538456828125 0.5564229609375 0.6373287937500001 0.5566912890625 0.6464727124999999 0.5857443203124999 0.6759088312499999 0.615505971875 0.7490561890625 0.6662315703124999 0.827689259375 0.7053172046875 0.8270407875 0.723886965625 0.8646170484375 0.7387209078125 0.8826682796875 0.76723988125 0.9132244828125 0.764926490625 0.9429545625 0.7499076078125 0.9657235375 0.7160532328125 0.960178075 0.6930416265625 0.9341635578125 0.67438588125 0.8783600078125 0.6724371781249999 0.7413860671875 0.594974534375 0.6538456828125 0.5564229609375
0 0.6634636078125 0.6809899109374999 0.747229478125 0.7549042703125 0.7313029078125 0.774630728125 0.7307133890624999 0.7915123296875 0.742865446875 0.807148659375 0.7716522953125 0.819140340625 0.8072815500000001 0.8170041015624999 0.8420846781249999 0.802162375 0.8749997531249999 0.768662309375 0.8767691062499999 0.7543572375 0.864558096875 0.74040906875 0.810405996875 0.7275316125 0.652489790625 0.5952506453125 0.6634636078125 0.6809899109374999
0 0.5910858140624999 0.7536771609375 0.5838881046875001 0.7052545734375 0.5406484796875001 0.6707853453125 0.547374575 0.7327132125 0.585659053125 0.7636289656249999 0.5910858140624999 0.7536771609375
0 0.36875 0.6069704296875 0.43706362031249996 0.65533655 0.45222381718750004 0.6575561750000001 0.43771129374999995 0.60042705625 0.36875 0.5441502375 0.36875 0.6069704296875
0 0.8138889421875 0.8459685578125 0.7766074421875 0.8226938140625 0.7514190484375 0.8167435609375 0.7071174921875001 0.7763214828125 0.6856454578125 0.773036334375 0.6875335124999999 0.7916946734375 0.731952971875 0.82874043125 0.733841028125 0.8473987703125001 0.7179144562499999 0.8671252265625 0.7851036890625 0.9066563406250001 0.7889977015625 0.9405967000000001 0.8049250703125 0.9572099749999999 0.852824284375 0.9673337468749998 0.8912258703125 0.958533446875 0.9315736640625001 0.9303635921875 0.957114971875 0.8898451546875 0.9416592171874999 0.8597265984375 0.9057344078125 0.833963903125 0.8780684390625 0.8262369109375001 0.8298155140624999 0.8262421 0.8138889421875 0.8459685578125
0 0.5279045109375 0.5630114203125001 0.558815221875 0.5869088015624999 0.5598755578125 0.5201821843750001 0.550260025 0.5046344328125001 0.5067256390625 0.47860600781249996 0.5067264375 0.5149457390625 0.5279045109375 0.5630114203125001
0 0.36875 0.516065978125 0.3783076921875 0.5197574625 0.413583234375 0.5277501859375 0.426442715625 0.5231285921875 0.4129331703125 0.4736404828125 0.36875 0.45876068593749997 0.36875 0.516065978125
0 0.36875 0.35 0.36875 0.423738603125 0.4085675421875 0.45320540625000005 0.4162950203125 0.4500948171875 0.3997175859375 0.379371840625 0.38021516875 0.35 0.36875 0.35
0 0.7516691015625 1 0.7682936359375001 0.9880449359375 0.796372265625 0.9839548046874999 0.844094625 0.9991430578125 0.86969568125 0.993276190625 0.8880408750000001 0.97701463125 0.8860349171875 0.9617326109375 0.8299955593749999 0.96653655 0.8023885453125 0.9571213968750001 0.788879796875 0.9439730203125001 0.7774351609375 0.9080787687499999 0.7340186796875 0.8786740234374999 0.6886559906249999 0.868638828125 0.6250070609374999 0.8731770328125 0.573391484375 0.8603881546875 0.5765780749999999 0.9145864359375 0.6214691515625 0.9381269124999999 0.6358040234375 0.9639807781249999 0.6302593578125 0.97730890625 0.590147371875 0.99872611875 0.55327933125 0.9999739859375001 0.5532624328125 1 0.7516691015625 1
0 0.36875 0.8141233218749999 0.3842132484375 0.8233579671874999 0.378491728125 0.8417505750000001 0.43329469062500003 0.9450774656250001 0.47523577968749997 0.9440067515624999 0.4908675921875 0.932721096875 0.48355197812499995 0.8876748296875 0.4539979578125 0.8612894984375 0.457950125 0.8572019640625002 0.4817228765625 0.8673283296874998 0.47853628593749997 0.8131300484375 0.4675640625 0.8000702499999999 0.40892843125 0.7701340375 0.3768952421875 0.6692925046875 0.36875 0.6592410359375 0.36875 0.8141233218749999