0 0.2796875 0.4042303546875 0 0.3508843296875 0 0.375522675 0.2796875 0.428497184375 0.2796875 0.4042303546875
0 0.2796875 0.19957208906249999 0 0.14554640624999998 0 0.1713481875 0.2796875 0.22571393125 0.2796875 0.19957208906249999
0 0.2796875 0.605913765625 0 0.552567740625 0 0.578452653125 0.2796875 0.6321370078124999 0.2796875 0.605913765625
0 0.8256860046875001 0.00697125 0.8179688109375001 0.0054711796875 0.8167687546875001 0.0116449359375 0.8016560625 0.011109959375 0.819255603125 0.0153318421875 0.821142425 0.0221056265625 0.786308409375 0.0241442359375 0.822129203125 0.033509726562499995 0.8269944812500001 0.020840517187499998 0.8346899921875 0.018331984375 0.8408854328124999 0.02354064375 0.8291813171874999 0.026070862500000003 0.8298247140624999 0.03100119375 0.8391070328125 0.0368098828125 0.8347550453124999 0.0303577953125 0.8473375187500001 0.019188656249999998 0.8547763843750001 0.026240771875000003 0.8461591453124999 0.029371017187499997 0.8471242406249999 0.0367665140625 0.854541421875 0.039810023437499995 0.8591283703125001 0.03269285625 0.8562547703125001 0.014514971875 0.8383769000000001 0.015845132812500003 0.8334032 0.008471321875 0.8229425093749999 0.012844992187500001 0.8256860046875001 0.00697125
0 0.7662362734375 0.2468910546875 0.7495367749999999 0.2380388546875 0.7628060125 0.23981725625 0.7754101703125 0.23265672187500003 0.6849472999999999 0.21186900937500003 0.6732648671874999 0.2184078328125 0.693694640625 0.232790390625 0.7347674640624999 0.24397765 0.7662362734375 0.2468910546875
0 0.8154777921874998 0.628069984375 0.8463465703124999 0.6340702671875 0.914814546875 0.6361668015624999 0.9101408609374999 0.6272495515625 0.8209214156249999 0.6083052921875 0.8036435718749999 0.6065485749999999 0.7981348968749999 0.6142874546875 0.8154777921874998 0.628069984375
0 0.619240940625 0.150243434375 0.65214833125 0.191077734375 0.6962212953125 0.186830603125 0.7369507375000001 0.19154409375 0.7532418015625 0.181896709375 0.7689762046874999 0.18335341249999998 0.7612156421875 0.17383613125 0.7482681015625 0.174522896875 0.7043650453125 0.153174959375 0.6355536890625 0.1446046546875 0.619240940625 0.150243434375
0 0.8150362296874999 0 0.863928596875 0.0079978328125 0.883993303125 0.0118980171875 0.899171046875 0.02445880625 0.93303996875 0.015024699999999998 0.9150753609375 0.00032044375 0.9050877421875001 0 0.8150362296874999 0
0 0.2796875 0.1280018234375 0.298144146875 0.13347858125 0.305948078125 0.1510130703125 0.312078465625 0.1441959171875 0.33488666875 0.142222359375 0.35529475625 0.1525963125 0.36978573593749997 0.1522095640625 0.3845333609375 0.1422621640625 0.42646285781250004 0.1408018984375 0.4174588703125 0.12944116562500002 0.3887335578125 0.12065401875 0.383094778125 0.1043412703125 0.391668646875 0.093193815625 0.368151996875 0.078211228125 0.34041346250000004 0.08082818281250001 0.3290960984375 0.09784938125 0.291196890625 0.1032965671875 0.2796875 0.11946556875 0.2796875 0.1280018234375
0 0.55193678125 0.2492837390625 0.5545320515625 0.2730136671875 0.5965049171875 0.2795706109375 0.6554122453125 0.2814105 0.664007796875 0.27427164843749996 0.65534719375 0.2693846859375 0.6670296234374999 0.2628458640625 0.6738467765625 0.2689762515625 0.6732033796875 0.26404592031249996 0.689237796875 0.26395918281249997 0.73862784375 0.2735596359375 0.7524754265625 0.26824255468749997 0.7313805734375001 0.24492106093750002 0.6863641968749999 0.2457812984375 0.5878841171875 0.2250369546875 0.5737148359375001 0.2278888703125 0.55193678125 0.2492837390625
0 0.2796875 0.7493054859375 0.26766866093749997 0.739838575 0.2704935484375 0.710666565625 0.24462311093750003 0.701025965625 0.2205484765625 0.7004457953125 0.169779915625 0.7310595890625 0.15557594218749998 0.7528953984375 0.14726710625 0.781001434375 0.15180488281249999 0.79059485 0.16514447031249999 0.7988245640625 0.1909319953125 0.838170159375 0.2289357296875 0.84760706875 0.2494596515625 0.8408354234375001 0.2570006453125 0.8166795953125 0.2695178640625 0.8145008 0.2796875 0.81582446875 0.2796875 0.7493054859375
0 0.6951500953124999 1 0.63936265625 0.9418935734375001 0.582985546875 0.9517577984375001 0.5468647375 0.943935746875 0.543907965625 0.9673873453125001 0.5659028609375 0.9860785218749999 0.5725648609375 1 0.6951500953124999 1