0 0.6152777781250001 0.6166666671875001 0.6458333328125 0.6125 0.6875 0.5541666671875001 0.7208333328125 0.5333333328125 0.7708333328125 0.5625 0.7833333328125 0.5354166671875 0.775 0.40625 0.715277778125 0.3333333328125 0.6736111109375 0.3958333328125 0.6486111109375 0.3916666671875 0.6263888890625 0.3458333328125 0.559722221875 0.3458333328125 0.527777778125 0.28958333281250004 0.5333333328125 0.21458333281250003 0.5236111109375 0.17916666718750002 0.48194444374999995 0.2 0.47083333281249995 0.2416666671875 0.4291666671875 0.2 0.4 0.2604166671875 0.3916666671875 0.3104166671875 0.40694444374999994 0.3333333328125 0.434722221875 0.325 0.4388888890625 0.3604166671875 0.36666666718749996 0.40625 0.33888888906250003 0.48125 0.33888888906250003 0.5145833328125 0.35972222187499997 0.5833333328125 0.40694444374999994 0.5875 0.49444444374999996 0.6729166671875 0.5375 0.65 0.5611111109375 0.6104166671875 0.5625 0.5333333328125 0.575 0.54375 0.58055555625 0.5895833328125 0.6152777781250001 0.6166666671875001
0 0.8166666671874999 0.48541666718750004 0.8583333328125 0.50625 0.9041666671874999 0.4791666671875 0.9138888890624999 0.45208333281249996 0.8652777781250001 0.4166666671875 0.8291666671875 0.4375 0.8138888890624999 0.4604166671875 0.8166666671874999 0.48541666718750004
0 0.7083333328125 0.6895833328125 0.73055555625 0.7270833328124999 0.7388888890625 0.7729166671875001 0.75 0.7270833328124999 0.7861111109375 0.6854166671875 0.76805555625 0.65 0.7263888890625 0.6458333328125 0.727777778125 0.6729166671875 0.7083333328125 0.6895833328125
0 0.47083333281249995 0.6833333328125 0.45277777812500003 0.70625 0.4583333328125 0.7395833328125 0.4888888890625 0.7104166671875001 0.47083333281249995 0.6833333328125
0 0.372222221875 0.16458333281249998 0.36944444375 0.1854166671875 0.39444444375 0.1979166671875 0.397222221875 0.1770833328125 0.4166666671875 0.16458333281249998 0.4138888890625 0.1270833328125 0.38194444375000003 0.1 0.3583333328125 0.1395833328125 0.372222221875 0.16458333281249998
0 0.23194444375 0.1916666671875 0.275 0.1895833328125 0.26527777812500003 0.1041666671875 0.20833333281250002 0.1270833328125 0.23333333281250002 0.22291666718749997 0.23194444375 0.1916666671875
0 0.1361111109375 0.21458333281250003 0.16944444375 0.1854166671875 0.15972222187500001 0.1583333328125 0.1458333328125 0.1875 0.13055555624999998 0.1854166671875 0.127777778125 0.21458333281250003 0.1361111109375 0.21458333281250003
0 0.0416666671875 0.21458333281250003 0.05 0.18125 0.0375 0.17916666718750002 0.034722221875 0.1583333328125 0.0125 0.1666666671875 0.0111111109375 0.20208333281250002 0.0416666671875 0.21458333281250003
0 0.147222221875 0.3395833328125 0.1666666671875 0.3145833328125 0.1541666671875 0.2958333328125 0.1375 0.2875 0.1166666671875 0.3020833328125 0.134722221875 0.3416666671875 0.147222221875 0.3395833328125
0 0.7986111109375 1 0.840277778125 0.9875 0.840277778125 0.975 0.85694444375 0.9958333328125001 0.8763888890624999 0.9958333328125001 0.8875 0.9625 0.9125 0.9791666671874999 0.91805555625 0.9666666671874999 0.9236111109375 0.9875 0.9291666671875 0.9625 0.95694444375 0.9625 0.9638888890624999 0.98125 0.959722221875 0.9708333328125001 0.9486111109375001 0.9916666671875 1 1 0.9986111109375001 0.9416666671874999 0.94305555625 0.9333333328125001 0.9208333328125 0.9583333328125001 0.9083333328125001 0.8895833328125 0.8958333328125001 0.8791666671874999 0.86944444375 0.9104166671874999 0.8736111109375001 0.95 0.859722221875 0.9416666671874999 0.8541666671874999 0.9541666671875 0.8125 0.9 0.7708333328125 0.9041666671874999 0.7625 0.925 0.7013888890625 0.9208333328125 0.68194444375 0.9541666671875 0.6236111109375 0.9666666671874999 0.5930555562500001 0.9291666671875 0.4875 0.9333333328125001 0.46527777812500004 0.95 0.41805555625 0.9166666671874999 0.2736111109375 0.9291666671875 0.240277778125 0.9125 0.2208333328125 0.8791666671874999 0.19583333281249998 0.9083333328125001 0.17361111093749998 0.9083333328125001 0.11805555625 0.8666666671875 0.0986111109375 0.9041666671874999 0 0.91875 0.0013888890625 1 0.7986111109375 1
0 0.10555555624999999 0.8395833328125001 0.0791666671875 0.7875 0.058333332812500006 0.8020833328125001 0.055555556250000006 0.84375 0.0888888890625 0.88125 0.10555555624999999 0.8395833328125001
0 0.872222221875 0.8895833328125 0.8375 0.85 0.8416666671874999 0.9145833328125 0.8513888890624999 0.8958333328125001 0.8666666671875 0.9145833328125 0.872222221875 0.8895833328125