0 0.55 0.2600899921875 0.0100286984375 0.123266890625 0 0.163489803125 0 0.170039884375 0.55 0.313752665625 0.55 0.2600899921875
0 1 0 0.55 0 0.55 0.10880077343750001 1 0.210332003125 1 0
0 0.491358315625 1 0.48182068906250003 0.9967245921875 0.4701956421875 0.9819605250000001 0.45098186562500003 0.9771699921875001 0.4207757265625 0.980656828125 0.41199330312500004 0.9954180078124999 0.4008180515625 1 0.491358315625 1
0 0.2249081015625 0.9835217359375001 0.2379042890625 0.9774390624999999 0.20003774375 0.9400289171875 0.188029134375 0.9370348343749999 0.168062565625 0.9659583749999999 0.1856847515625 0.9771324312499999 0.2249081015625 0.9835217359375001
0 0.2361836828125 0.8922556578125 0.22637067812499997 0.8855712796875 0.198772375 0.8939460453125001 0.17955859999999998 0.8891555125 0.1763754171875 0.9019225609374999 0.18159109375 0.9116984171875 0.221212340625 0.9164918375 0.23540222187499998 0.9056215234374999 0.2361836828125 0.8922556578125
0 0.17351845625 0.8622232125 0.1827417828125 0.8763884640625001 0.20375326562499999 0.8790845828125 0.20032096250000003 0.8570402109374999 0.1811071859375 0.852249678125 0.17351845625 0.8622232125
0 0.293188846875 0.59711504375 0.3114007125 0.600808228125 0.325959821875 0.5679938265625 0.31355331406250003 0.5665956234375 0.30256095 0.5748729921875 0.293188846875 0.59711504375
0 0.1304470890625 0.538740540625 0.11303102031250001 0.53185559375 0.1038363640625 0.53803855 0.090221828125 0.5312538890624999 0.0778296546875 0.540029790625 0.08504915625000001 0.55200034375 0.097057765625 0.5549944265625 0.11966084218749999 0.551307021875 0.1304470890625 0.538740540625
0 0.1242725046875 0.5583896453125 0.13748914375000001 0.5667701890625 0.1500730984375 0.5521092953125 0.1370625765625 0.5480178640625 0.1242725046875 0.5583896453125
0 0.34427745781249997 0.5047573953125 0.3771057703125 0.5163325921874999 0.382100996875 0.5116452312499999 0.3674845484375 0.503763221875 0.34427745781249997 0.5047573953125
0 0.3976887421875 0.9248954953125 0.413307103125 0.9338748546875 0.423105771875 0.9303851296874999 0.41847977500000005 0.9131284000000001 0.40147593906249995 0.9148216765625001 0.3976887421875 0.9248954953125
0 1 1 1 0.5452245828125 0.9952972109375 0.544486359375 0.9816685906250001 0.544514603125 0.9707030124999999 0.547262565625 0.9669146968749999 0.5500868984375 0.9611088203125 0.5506950765624999 0.9403902703125 0.5606048265625 0.9249146109374999 0.5721644015625 0.9221732156249999 0.5728513921875 0.9096015312500001 0.5856489453125 0.894286725 0.596563375 0.8881639781249999 0.6056581546875 0.8796215421875001 0.6141496375 0.8643940671875001 0.63502194375 0.8556103515625001 0.6444811406250001 0.8448957187499999 0.6606540140625 0.8398219656249999 0.670695584375 0.8167030609375001 0.70878729375 0.7983417265625 0.7463520765625 0.7774143515625 0.8055476484374999 0.7646234843749999 0.85221035 0.761733321875 0.8715332671875 0.759493128125 0.8980420375 0.7565194328125 0.9130613249999999 0.7569270875 0.9196728249999999 0.7528246624999999 0.9350959375000001 0.7542799296875 0.9405981390625 0.752670715625 0.9460215296874999 0.7534798109375 0.949992125 0.7525971953124999 0.9566245484374999 0.7531657015625 0.9625909046875 0.7518039812499999 0.9762989828125 0.753180203125 0.9841798468749999 0.7515778937500001 0.9998836843750001 0.7516098484375 1 1 1