0 0.0203125 0.3958333328125 0.0671875 0.3958333328125 0.0875 0.36875 0.0453125 0.3416666671875 0.00625 0.41041666718750003 0.0203125 0.3958333328125
0 0.1046875 0.25833333281250004 0.040625 0.3145833328125 0.0765625 0.2916666671875 0.103125 0.3020833328125 0.09375 0.34375 0.103125 0.35625 0.1 0.43541666718750005 0.115625 0.43958333281249995 0.140625 0.4270833328125 0.1375 0.40208333281249997 0.1625 0.35625 0.14375 0.2645833328125 0.1515625 0.2416666671875 0.1046875 0.25833333281250004
0 0.1796875 0.08333333281250001 0.1359375 0.0666666671875 0.040625 0.1395833328125 0.0953125 0.13333333281249998 0.1171875 0.1458333328125 0.1390625 0.1291666671875 0.1609375 0.1458333328125 0.196875 0.14375 0.2328125 0.1416666671875 0.2484375 0.1166666671875 0.30625 0.12291666718750001 0.2640625 0.1 0.2421875 0.0625 0.1796875 0.08333333281250001
0 0.546875 0.21875 0.4859375 0.23333333281250002 0.48125 0.29375 0.5234375 0.2625 0.546875 0.21875
0 0.2828125 0.30416666718749996 0.3375 0.3145833328125 0.4140625 0.2791666671875 0.41875 0.2604166671875 0.3859375 0.2708333328125 0.3359375 0.2541666671875 0.278125 0.28958333281250004 0.2828125 0.30416666718749996
0 0.671875 0.35208333281250004 0.6703125 0.3291666671875 0.6203125 0.3416666671875 0.5796875 0.3291666671875 0.5453125 0.3708333328125 0.5234375 0.35 0.4265625 0.3583333328125 0.3984375 0.3375 0.3609375 0.36666666718749996 0.3015625 0.35 0.2765625 0.3708333328125 0.2484375 0.3708333328125 0.24375 0.41041666718750003 0.225 0.43541666718750005 0.2265625 0.45 0.353125 0.4604166671875 0.4640625 0.4583333328125 0.5390625 0.425 0.6171875 0.4375 0.6890625 0.4125 0.70625 0.38125 0.671875 0.35208333281250004
0 0.4796875 0.225 0.4875 0.2479166671875 0.478125 0.2854166671875 0.41875 0.3145833328125 0.4234375 0.3333333328125 0.446875 0.33125 0.4734375 0.3291666671875 0.48125 0.29375 0.5234375 0.2625 0.553125 0.2104166671875 0.5078125 0.23333333281250002 0.4796875 0.225
0 0.8578125 0.375 0.8390625 0.3875 0.7796875 0.38333333281250004 0.7265625 0.3416666671875 0.73125 0.40625 0.746875 0.43958333281249995 0.8375 0.5020833328125 0.8453125 0.475 0.9390625 0.4583333328125 0.9984375 0.475 1 0.40625 0.9171875 0.40416666718750005 0.8578125 0.375
0 0.728125 0.47291666718750003 0.7109375 0.475 0.6953125 0.44166666718750003 0.69375 0.46458333281249997 0.7125 0.48125 0.728125 0.47291666718750003
0 0.796875 0.5145833328125 0.8015625 0.5333333328125 0.834375 0.5479166671875 0.8359375 0.5125 0.796875 0.5145833328125
0 0.671875 0.49791666718750005 0.6515625 0.45416666718750004 0.634375 0.4770833328125 0.634375 0.5229166671875001 0.646875 0.5354166671875 0.671875 0.49791666718750005
0 0.596875 0.5354166671875 0.628125 0.49375 0.6203125 0.4375 0.603125 0.4479166671875 0.6015625 0.48333333281249996 0.559375 0.47291666718750003 0.596875 0.5354166671875
0 0.8296875 0.625 0.7921875 0.5875 0.7578125 0.6041666671875 0.6921875 0.5708333328124999 0.64375 0.58125 0.6765625 0.6375 0.7109375 0.6291666671875 0.734375 0.66875 0.7109375 0.7625 0.7796875 0.6875 0.8109375 0.6875 0.859375 0.78125 0.875 0.6854166671875 0.9078125 0.6708333328125 0.9359375 0.6166666671875001 0.9046875 0.6083333328125 0.8890625 0.625 0.8296875 0.625
0 0.528125 0.6145833328125 0.3859375 0.6208333328125 0.375 0.6479166671875001 0.4 0.6520833328125 0.409375 0.71875 0.428125 0.7354166671875 0.43125 0.6895833328125 0.4546875 0.6333333328124999 0.5140625 0.6916666671875 0.525 0.6645833328124999 0.50625 0.63125 0.528125 0.6145833328125
0 0.1234375 0.7208333328125 0.11875 0.7520833328125 0.1 0.76875 0.109375 0.8520833328125 0.09375 0.8895833328125 0.128125 0.9229166671875 0.1 0.88125 0.121875 0.8520833328125 0.140625 0.7645833328125 0.1890625 0.7125 0.1328125 0.7375 0.1234375 0.7208333328125
0 0.2515625 0.5833333328125 0.1796875 0.6208333328125 0.171875 0.5854166671875001 0.1484375 0.5583333328125 0.096875 0.6479166671875001 0.109375 0.66875 0.09375 0.6895833328125 0.1125 0.6979166671875 0.1296875 0.6583333328125 0.1515625 0.6666666671875 0.1671875 0.6416666671875 0.2171875 0.6166666671875001 0.321875 0.6145833328125 0.2515625 0.5833333328125
0 0.921875 0.05625 0.90625 0.060416667187499995 0.91875 0.0770833328125 0.9 0.18125 0.8859375 0.20833333281250002 0.85 0.21458333281250003 0.8859375 0.2208333328125 0.9 0.2645833328125 0.896875 0.20625 0.9171875 0.1583333328125 0.9375 0.1604166671875 0.91875 0.1520833328125 0.9328125 0 0.921875 0.05625