0 0.7915194343749999 0.22291666718749997 0.7597173140625 0.1895833328125 0.7614840984375 0.1291666671875 0.7438162546875 0.1291666671875 0.7385159015625 0.16458333281249998 0.7084805656250001 0.1916666671875 0.6802120140625 0.17916666718750002 0.6378091875 0.1916666671875 0.6272084812500001 0.1666666671875 0.6024734984375 0.17916666718750002 0.5530035328125 0.1708333328125 0.5212014140625 0.08333333281250001 0.4717314484375 0.1041666671875 0.4505300359375 0.0666666671875 0.3939929328125 0.08333333281250001 0.35865724375 0.075 0.3215547703125 0.1270833328125 0.35865724375 0.2 0.4717314484375 0.1708333328125 0.491166078125 0.18125 0.494699646875 0.2104166671875 0.43462897500000003 0.2520833328125 0.4717314484375 0.3333333328125 0.48409894062500003 0.33541666718749996 0.515901059375 0.2520833328125 0.5406360421875 0.23125 0.5265017671875001 0.2104166671875 0.5388692578125001 0.2 0.5865724375 0.30625 0.6201413421875 0.325 0.64134275625 0.3625 0.6908127203125 0.30416666718749996 0.712014134375 0.3583333328125 0.7332155484375 0.3583333328125 0.7508833921875 0.3291666671875 0.773851590625 0.3479166671875 0.770318021875 0.3770833328125 0.7915194343749999 0.43541666718750005 0.8162544171875 0.44375 0.8286219078125001 0.425 0.855123675 0.42291666718750004 0.8692579500000001 0.3645833328125 0.8321554765625001 0.35 0.770318021875 0.2604166671875 0.7915194343749999 0.22291666718749997
0 0.508833921875 0.58125 0.4699646640625 0.51875 0.491166078125 0.49375 0.4558303890625 0.47291666718750003 0.4664310953125 0.44375 0.4558303890625 0.41041666718750003 0.3904593640625 0.40416666718750005 0.367491165625 0.41875 0.3816254421875 0.4604166671875 0.349823321875 0.49375 0.349823321875 0.51875 0.41696113125 0.54375 0.4098939921875 0.6270833328125 0.4063604234375 0.6520833328125 0.37279151875 0.6666666671875 0.356890459375 0.7020833328125 0.35335689062500003 0.8104166671874999 0.415194346875 0.8791666671874999 0.4275618375 0.8770833328125001 0.43816254375 0.8604166671875 0.43109540625 0.7895833328124999 0.4734982328125 0.73125 0.4522968203125 0.65625 0.508833921875 0.6020833328124999 0.508833921875 0.58125
0 0.697879859375 0.6916666671875 0.6872791515625 0.6625 0.6660777390625 0.6583333328125 0.650176678125 0.6729166671875 0.646643109375 0.73125 0.6183745578125001 0.7604166671875 0.6236749109375 0.7791666671875 0.7049469968750001 0.8083333328125001 0.7544169609375 0.7833333328125 0.7579505296875 0.8125 0.8250883390625001 0.7916666671875 0.8692579500000001 0.8104166671874999 0.8904593640625 0.7854166671875 0.8339222609375 0.73125 0.8374558296875 0.6979166671875 0.8038869265624999 0.6708333328125 0.7508833921875 0.7083333328125 0.697879859375 0.6916666671875
0 0.5300353359375001 0.7104166671875001 0.5477031796875 0.7604166671875 0.58303886875 0.7729166671875001 0.6148409890625001 0.7645833328125 0.6113074203125 0.7229166671875 0.5918727921875 0.7166666671875 0.577738515625 0.6875 0.5388692578125001 0.6875 0.5300353359375001 0.7104166671875001
0 0.5388692578125001 0.5291666671875 0.515901059375 0.5729166671875 0.5512367484375 0.59375 0.5583038874999999 0.54375 0.5388692578125001 0.5291666671875
0 0.5936395765625 0.6354166671875 0.581272084375 0.6125 0.5335689046875001 0.6104166671875 0.5459363953125 0.6416666671875 0.57597173125 0.6520833328125 0.5936395765625 0.6354166671875
0 0.5459363953125 0.8375 0.5229681984375001 0.8895833328125 0.56890459375 0.90625 0.58303886875 0.86875 0.5459363953125 0.8375
0 0.4045936390625 0.8958333328125001 0.3780918734375 0.9270833328125001 0.3992932859375 0.9520833328125 0.41696113125 0.9354166671874999 0.4045936390625 0.8958333328125001
0 0.21024735 0.5291666671875 0.1925795046875 0.525 0.18904593593750002 0.55 0.229681978125 0.5645833328125 0.219081271875 0.5854166671875001 0.226148409375 0.6354166671875 0.26325088281250003 0.6333333328124999 0.2968197875 0.6770833328125 0.30742049531250004 0.64375 0.28975265 0.6270833328125 0.28268551249999996 0.5729166671875 0.2597173140625 0.575 0.224381625 0.5125 0.21024735 0.5291666671875
0 0.23321554843749998 0.8020833328125001 0.219081271875 0.74375 0.1784452296875 0.7541666671875 0.17667844531250002 0.79375 0.222614840625 0.8145833328125001 0.23321554843749998 0.8020833328125001
0 0.222614840625 0.47291666718750003 0.24028268593750002 0.47291666718750003 0.2473498234375 0.45208333281249996 0.23321554843749998 0.41041666718750003 0.1961130734375 0.3875 0.19081272031250002 0.4145833328125 0.215547703125 0.4270833328125 0.222614840625 0.47291666718750003
0 0.856890459375 0.2208333328125 0.8816254421874999 0.225 0.9063604234374999 0.20416666718749998 0.911660778125 0.2270833328125 0.939929328125 0.24375 0.9752650171875 0.1979166671875 0.9452296812500001 0.15 0.9169611312500001 0.1625 0.8922261484374999 0.1416666671875 0.85865724375 0.16875 0.856890459375 0.2208333328125
0 0.8939929328125 0.1270833328125 0.9452296812500001 0.125 0.943462896875 0.08541666718749999 0.9310954062500001 0.07083333281250001 0.9028268546874999 0.08333333281250001 0.8833922265625 0.1270833328125 0.8939929328125 0.1270833328125
0 0.777385159375 0.08541666718749999 0.777385159375 0.10625 0.7915194343749999 0.11041666718750001 0.8339222609375 0.06875 0.8197879859375 0.0020833328125000002 0.7508833921875 0 0.7491166078125 0.0395833328125 0.7915194343749999 0.0770833328125 0.777385159375 0.08541666718749999
0 0.487632509375 0.0020833328125000002 0.50353356875 0.0666666671875 0.5424028265625 0.058333332812500006 0.5724381625 0.08541666718749999 0.5795053 0.05625 0.6077738515625 0.04375 0.5954063609375 0.029166667187500002 0.5388692578125001 0.0333333328125 0.5353356890625001 0 0.487632509375 0.0020833328125000002
0 0.9805653703124999 0.10833333281249999 0.9646643109375 0.1354166671875 0.9717314484375 0.1604166671875 0.985865725 0.14375 0.9805653703124999 0.10833333281249999
0 0.802120140625 0.5645833328125 0.8162544171875 0.56875 0.85865724375 0.5354166671875 0.849823321875 0.5083333328124999 0.8286219078125001 0.5083333328124999 0.8180212015625001 0.5291666671875 0.802120140625 0.5229166671875001 0.802120140625 0.5645833328125
0 0.7685512375 0.4916666671875 0.7385159015625 0.51875 0.7526501765625 0.55625 0.773851590625 0.5229166671875001 0.7685512375 0.4916666671875
0 0.23498233281249997 0 0.229681978125 0.0395833328125 0.2544169609375 0.0645833328125 0.27208480625 0.0020833328125000002 0.23498233281249997 0