0 0 0.20372275 0.096229040625 0.1828867140625 0.1338435484375 0.1360623203125 0.1427802640625 0.0728841265625 0.059840004687500004 0.125819303125 0.012596162499999999 0.114857153125 0 0.11901565781250001 0 0.20372275
0 0.7505266859375 0 0.7558305046875 0.0954513796875 0.785492715625 0.09144273124999999 0.816899459375 0.05414643125 0.850415471875 0.1170979078125 0.8778058359374998 0.12131496562499999 0.879151225 0.16589091250000002 0.9078869781249999 0.214683915625 0.9318966640624999 0.213160621875 0.9788614031249999 0.15999014218750002 0.9522151296875 0.0362037171875 0.9612512296875 0 0.7505266859375 0
0 0 0.25 0 1 0.056086098437499995 1 0.0589270109375 0.9931442562499999 0.085383340625 0.8962365562500001 0.1282717390625 0.77561646875 0.1297153046875 0.7641732703125 0.130675096875 0.788797125 0.14774588125000002 0.79583515625 0.2079363984375 0.7959179109375001 0.24480455625 0.7901708546874999 0.252018509375 0.7813338390625 0.3 0.783140890625 0.3 0.5282170453124999 0.2646217421875 0.5301154125 0.258131078125 0.5144167796875 0.236170721875 0.5148017328125001 0.1963386078125 0.501963290625 0.1543409296875 0.50897736875 0.150333034375 0.5156786359375 0.1499316859375 0.5233368390625 0.1514490609375 0.5909936359375 0.1492809125 0.6430988109375 0.1405383875 0.724040534375 0.1342846578125 0.7521259625 0.13340384375 0.74209679375 0.1354088671875 0.7253075546875001 0.13861535625000002 0.7177963625 0.14527517031249998 0.622922865625 0.1435126796875 0.6136154140625 0.14752617343750002 0.5370333953124999 0.14552373125 0.5215699796875001 0.1464067 0.5047219359375 0.135431259375 0.44578454531249995 0.112436009375 0.358571975 0.09673498281250001 0.260990746875 0.0934416171875 0.25 0 0.25
0 1 0.9161255796875001 0.9990693484375001 0.912345778125 0.983948278125 0.9003439234374999 0.9718540000000001 0.90967399375 0.93395690625 0.9051969156249999 0.9252799890624999 0.92840645 0.8956106 0.9567432546875001 0.8896090078124999 0.9763565328125001 0.887174515625 0.9911748015625002 0.8924033453125 1 0.9977913874999998 1 1 0.95785716875 1 0.9161255796875001
0 1 0.6788226171875 0.995274715625 0.6842226078125 0.9801340968750001 0.688411071875 0.9702334828125 0.6717008609375 0.9724075984375 0.6618508953125 0.9618560421875 0.6575614484375001 0.956114828125 0.6722064203125 0.9361443171874999 0.6736507859375 0.923438190625 0.6630209828125 0.914520446875 0.675008503125 0.8964636734375 0.6715712109374999 0.8889389093750001 0.6886136875 0.876343425 0.69169005 0.8757835734375 0.7340073015625 0.9235617328124999 0.7713849125000001 0.922650409375 0.7887739828125 0.9139930421875 0.7957931984375 0.9171500265624999 0.81464096875 0.9371205359375001 0.813196603125 0.9776343109375001 0.8626483828125 1 0.8625761328125 1 0.6788226171875
0 1 0.40827423906250004 0.9922807640624999 0.42500419687499996 0.9705267046875001 0.42884606875 0.9416188999999999 0.458468275 0.9903994749999999 0.5083533 0.9913107968750001 0.490964228125 1 0.47358200312500004 1 0.40827423906250004
0 0.8992695796875001 0.3491368734375 0.8932679875 0.36875015156249996 0.9043207531250002 0.37929330625 0.9346410890625 0.338535734375 0.9247404750000001 0.321825521875 0.9113834046874999 0.3236164828125 0.9003306406250001 0.3130733296875 0.8883470046875 0.336109565625 0.8992695796875001 0.3491368734375
0 0.8356153718750001 0.25 0.827381059375 0.26565812499999997 0.8529039515625 0.3006238984375 0.8782055609375 0.3081773390625 0.8872534953125001 0.293705665625 0.8619909828125 0.2537715859375 0.83634036875 0.25 0.8356153718750001 0.25
0 0.784731871875 0.510029596875 0.789600859375 0.48039305781249997 0.777916696875 0.4660803484375 0.751462934375 0.464693965625 0.7482277578125001 0.5106074734374999 0.7599119203125 0.5249201828125 0.7739003875 0.526898775 0.784731871875 0.510029596875
0 0.44393129687500005 0.559425346875 0.45045364531250004 0.5298754578125 0.434460346875 0.5028820359375 0.4147502140625 0.49935809531249997 0.3989391015625 0.5321576453125 0.396114040625 0.5544283765625 0.42622599531249994 0.5809162359375 0.44393129687500005 0.559425346875
0 0.43446660000000004 0.7083878828125 0.43563830000000003 0.6860305046875 0.42421451718750003 0.666749490625 0.396367771875 0.6603081515625 0.38074549218750003 0.6420525921875 0.36710849687499997 0.6650021781250001 0.362239509375 0.6946387171875 0.37120925 0.7449283203125 0.35415489375 0.7539984453125 0.345848996875 0.7859458390625 0.3627536171875 0.7955501875000001 0.3714305328125 0.772340653125 0.38415620625 0.7667801390625 0.385008884375 0.797962025 0.3978451984375 0.8061076765624999 0.4061315484375 0.7903506015625 0.42164318593749994 0.794899996875 0.44068947343750003 0.7161869375000001 0.43446660000000004 0.7083878828125
0 0.48989971250000003 0.7262388640624999 0.49577111562500004 0.709109740625 0.49044001562500006 0.7001119328125001 0.45928655156250003 0.6934972984375001 0.4504794453125 0.7191909843750001 0.4617730421875 0.740956153125 0.4724547875 0.742761446875 0.48989971250000003 0.7262388640624999