0 0.019289990625 0 0.061742290624999994 0.0977680015625 0.1119820890625 0.14556758125 0.11156082812499998 0.18768690625 0.0957459765625 0.20861877343750002 0.1260952984375 0.2438933328125 0.1395859625 0.2179060140625 0.1996786578125 0.21336174687499998 0.22654169687499998 0.2410531265625 0.25150181250000003 0.22156972812500003 0.2904070484375 0.23241905 0.3281335921875 0.1915209625 0.3641418953125 0.220660809375 0.4211861703125 0.2156337203125 0.427434496875 0.23537271249999997 0.459375 0.2500695359375 0.459375 0 0.187653025 0 0.176538475 0.03392150625 0.1374983515625 0.0535185203125 0.1007658140625 0.028951303125 0.0699952328125 0.03579606875 0.073244065625 0 0.019289990625 0
0 0.48466318125 0 0.459375 0.1902084453125 0.459375 0.41875 0.47683488125 0.41875 0.48507727031250003 0.3713625515625 0.48679878125 0.39938550156249997 0.50074240625 0.40327579062499996 0.501368409375 0.41346595468749997 0.506258428125 0.4108767859375 0.511358090625 0.4175709171875 0.51138134375 0.41875 0.521028925 0.41875 0.5270144343750001 0.3965049375 0.5874002421875 0 0.48466318125 0
0 0.606577421875 0 0.5609847046875001 0.3800214359375 0.5611972796875 0.4069644765625 0.5728782875 0.41875 0.6150948406250001 0.41875 0.665708984375 0 0.606577421875 0
0 0.697311465625 0 0.64032929375 0.409406740625 0.6409032703124999 0.41875 0.6954428671875 0.41875 0.7553817296875 0 0.697311465625 0
0 0.8468488421875 0 0.795204146875 0.41875 0.8397099499999999 0.41875 0.8880819531250002 0 0.8468488421875 0
0 0.929704184375 0 0.9068235640625 0.1976580890625 0.874721221875 0.41875 0.9158628390625001 0.41875 0.96810868125 0 0.929704184375 0
0 0 1 0.0897939203125 1 0.13604896718749998 0.6962803875000001 0.150352875 0.6766820390625 0.148894153125 0.6646781484375 0.1560166046875 0.63385135625 0.1488351484375 0.622622909375 0.15106758125 0.594385284375 0.165731775 0.5512983 0.14392461406249998 0.5015939 0.10448560468750001 0.4818926890625 0.0823269515625 0.5086561484375001 0.0691629 0.49984382343749995 0.061411514062500006 0.5028207140625 0.027866396874999998 0.5731902984375 0.0384289390625 0.580749665625 0.0431151734375 0.6041966750000001 0.0383845875 0.6269931234375 0.024080678124999998 0.646591471875 0.0191965203125 0.684500121875 0.0269508390625 0.6991829703125 0.027889843749999997 0.714468215625 0 0.9242454140625 0 1
0 0.172767403125 1 0.20789909843749999 0.709342165625 0.21133039375 0.69474910625 0.22214986250000002 0.68300805625 0.2227700046875 0.657878740625 0.22968574218749999 0.6354283859375001 0.21974627343750003 0.6203994421875001 0.23149302500000002 0.5533046796875001 0.2438184953125 0.5249837968750001 0.22586192187499998 0.47925294531249996 0.2143101609375 0.46733231093749994 0.1757570140625 0.4561805859375 0.160100671875 0.4772465640625 0.155314009375 0.47564751406249994 0.1470458390625 0.4995655015625 0.1628674765625 0.53402628125 0.16765706875 0.553285071875 0.1667239234375 0.5733193062499999 0.1502465875 0.6632105171875 0.148953159375 0.7067333875 0.11376877187500001 1 0.172767403125 1
0 0.25913474375 1 0.2996223046875 0.7171423515625 0.313146640625 0.7024660375 0.3108552 0.6886484218750001 0.3137136375 0.6706009609375 0.3193832296875 0.6630897593749999 0.3105363375 0.6482338609375 0.3166134953125 0.5886503015625 0.33575427812499997 0.559727025 0.314466834375 0.5067412703125 0.299637346875 0.4943014953125 0.26410206875000003 0.4853095890625 0.2513041625 0.4883281078125 0.24012147968750003 0.5058980546875 0.24517092968749998 0.5235161671874999 0.23232574218750002 0.5551184046875 0.22816801562500003 0.5813692578125 0.234413396875 0.5949721968749999 0.25569205 0.5949787328125 0.25730727343750004 0.6095301640625 0.2528896890625 0.63742169375 0.2371802 0.6517519140625 0.23999135625 0.6622881703125 0.2317763296875 0.6929419187500001 0.2411960828125 0.7112522171875 0.23839078749999998 0.7360354390625 0.2016515921875 1 0.25913474375 1
0 0.459375 0.5437822125 0.45920945937499996 0.543961853125 0.4563008078125 0.57293329375 0.432205140625 0.527071021875 0.42122624062499997 0.518604790625 0.40707590156249995 0.523090940625 0.400414159375 0.5085811390625 0.3842351703125 0.5152687359375 0.36988397968750003 0.5634508031250001 0.3729579234375 0.590006121875 0.38362382031250003 0.5933772703125 0.39475629218749997 0.5867313015625 0.402667109375 0.603961690625 0.4000685296875 0.6203684734375 0.38581776562500003 0.6467025828125 0.3878493453125 0.662160875 0.3817663265625 0.68642495625 0.3895737875 0.707843565625 0.3535419546875 1 0.39593516093750003 1 0.426101215625 0.738856478125 0.4318180890625 0.7027615562499999 0.44284427187500003 0.6826440671875 0.44112569218750003 0.6722808546875 0.44616928125 0.6545794875000001 0.43976739687500005 0.6384290078125 0.44626384531249996 0.59741205 0.4488122109375 0.5919292453125 0.459375 0.6108268078125001 0.459375 0.5437822125
0 0.459375 1 0.895937275 1 0.8985745406250001 0.9859982890625 0.887941646875 0.934752975 0.8626031718749999 0.8917987875 0.8891610078125 0.757941709375 0.843648953125 0.6817015953125 0.7738906328125 0.631711996875 0.6710142687499999 0.6047977171875 0.549056534375 0.6138022125 0.4902342078125 0.6469667250000001 0.459375 0.678599425 0.459375 1