0 0.559375 0 0.1298297625 0 0.1171716984375 0.0135836609375 0.0906436078125 0.0743114203125 0.0245602453125 0.0661974046875 0 0.07586439218749999 0 0.5358066171875 0.008775209374999999 0.5375451109375 0.0441846953125 0.5276739609375001 0.0567284359375 0.5058545343749999 0.0732474578125 0.41952257968750006 0.1574713484375 0.42986397343749994 0.24341516875 0.4261976578125 0.3243104421875 0.442224159375 0.3462709984375 0.43476422656249997 0.36183284375 0.5169101390625 0.384085540625 0.5927681406249999 0.387440440625 0.6 0.559375 0.6 0.559375 0.2139950859375 0.546549096875 0.21763417812500002 0.526308471875 0.21108640156249997 0.4983605625 0.2137486390625 0.4908989859375 0.220957553125 0.4752827296875 0.20888376874999998 0.463688190625 0.2176164875 0.41389096875 0.205408346875 0.3753313390625 0.2087988984375 0.35663216875 0.20040912031250002 0.34657908593750003 0.2072998375 0.335900134375 0.19786354687500002 0.31831824375 0.201798571875 0.3009148265625 0.193567890625 0.23230719375 0.19530028125 0.23304430625 0.1892969796875 0.2526590625 0.17951774843749999 0.40810288437500003 0.11329051875 0.45260585468750003 0.1471925734375 0.5316467359375 0.1568975734375 0.559375 0.13789170312500001 0.559375 0
0 1 0.28133477500000004 0.99097268125 0.29920599531250003 0.9940939640625001 0.321491628125 1 0.32007355937500004 1 0.28133477500000004
0 1 0.15180430312499998 0.990086696875 0.1633024078125 0.9981548406249999 0.21685878125000002 1 0.2119667046875 1 0.15180430312499998
0 0.5879363484375 0 0.5808448296875001 0.15685860000000001 0.593563784375 0.1606105296875 0.600806015625 0.1374071375 0.5856136296875001 0.1180198375 0.6215909578125001 0.0873934765625 0.6374414921875 0 0.5879363484375 0
0 0.493882725 1 0.50469019375 0.9119802359375001 0.48539681718749994 0.8679967718749999 0.4375051859375 0.8424042703125 0.4314834078125 0.8110015453124999 0.44710720156250006 0.79101751875 0.4362522078125 0.7721627828125 0.45134613437500004 0.756494175 0.4404911421875 0.7376394390625001 0.45234145468750003 0.7215725640625 0.445557084375 0.709788353125 0.36009895 0.6817735046875 0.2644445171875 0.68317005 0.24587425000000002 0.7137434890625001 0.24494334687500002 0.7749558734375 0.233093034375 0.791022746875 0.24070441250000002 0.8094792171874999 0.1700035796875 0.8489834999999999 0.15146108593750002 1 0.493882725 1
0 0 0.6 0 0.8014592328125 0.11910106250000001 0.8076896359375001 0.14254402500000002 0.670392790625 0.10838944843750001 0.6267748375 0.10843042656249999 0.6 0 0.6
0 1 0.848868496875 0.9807843109375 0.850082590625 0.9729075093749999 0.8463377765625001 0.9745874796875 0.8326555093750001 0.9598914796875 0.8391841718749999 0.94673224375 0.844512796875 0.9205570046875 0.8426876078125 0.9104714359375 0.8456158609375001 0.897455396875 0.8384623609374999 0.8830705999999999 0.8311405859375001 0.8731529281249999 0.8327005671875 0.8639321515624999 0.8399015562500001 0.8466417859375 0.833611959375 0.8467848703125 0.8211298734374999 0.8488008375 0.80471114375 0.8491120265625 0.7908608109374999 0.8268256171875 0.76868040625 0.780790321875 0.7588614312499999 0.762491865625 0.760781215625 0.7443615078125 0.76133280625 0.7265670421875 0.7591479203125 0.683966203125 0.7553060796875 0.667204528125 0.7560256703125 0.641197375 0.75283239375 0.587310084375 0.750382471875 0.559375 0.7486323546875 0.559375 0.8434371671875001 1 0.8619095578125 1 0.848868496875
0 0.8748214234375 0.6606875578125 0.8753254187499999 0.656582834375 0.8597397203125 0.64772488125 0.85356769375 0.6414116671875 0.859690109375 0.6254971453125 0.868406890625 0.6224008796875 0.8714804468749999 0.620000546875 0.8642756359374999 0.6107828046875 0.8472028765624999 0.6253527390625 0.8407196609375 0.63288985625 0.8392076921875 0.645203865625 0.8476133859375 0.65595794375 0.8496789578125 0.6617670015625 0.8315236953125 0.651204659375 0.81610609375 0.6409785125 0.8205981421875 0.6609740453125 0.8317414062499999 0.6720642015625 0.8322702015625 0.6790734 0.825090196875 0.680969525 0.833999778125 0.687618921875 0.846294209375 0.6780176671875 0.8637774859375 0.694052884375 0.8668758499999999 0.70276641875 0.8708143015625 0.7046388328125 0.8874078781250001 0.7052874359375 0.9034726578125 0.6989268375 0.911492646875 0.6901895812500001 0.9130046234375 0.6778755203125 0.89384148125 0.67552258125 0.8808254484375 0.668369028125 0.8748214234375 0.6606875578125
0 0.8882023312499999 0.6 0.8876884234375 0.601157825 0.8873524281249999 0.6038942875 0.89506133125 0.609007375 0.901737346875 0.6112159187499999 0.9011312140625 0.6 0.8882023312499999 0.6
0 0.78133054375 0.6 0.7897132375 0.6182938984375 0.81094205625 0.6264559078125 0.8141836078125 0.6226873687500001 0.816921275 0.6230235125 0.818601246875 0.6093412453125 0.8194412312499999 0.6025001125 0.8088959953125 0.6 0.78133054375 0.6
0 0.7547276140625 0.65427499375 0.7453636484375 0.6739580546874999 0.758354878125 0.6699977406250001 0.7636373 0.660924403125 0.7547276140625 0.65427499375