0 0.6453125 0.71796875 0.6484375 0.70390625 0.67109375 0.6875 0.69609375 0.65625 0.709375 0.65078125 0.709375 0.61953125 0.7 0.60390625 0.7 0.58828125 0.69453125 0.58125 0.66875 0.57734375 0.6671875 0.54921875 0.65234375 0.534375 0.63203125 0.5328125 0.59453125 0.553125 0.56484375 0.5609375 0.5375 0.59296875 0.53125 0.75390625 0.55703125 0.759375 0.5671875 0.77578125 0.578125 0.78046875 0.59765625 0.759375 0.60859375 0.759375 0.62265625 0.7703125 0.6234375 0.74140625 0.63125 0.72578125 0.6453125 0.71796875
0 0.43203125 0.378125 0.403125 0.38671875 0.403125 0.43203125 0.409375 0.43203125 0.41171875 0.4171875 0.4203125 0.43359375 0.4265625 0.43359375 0.43828125 0.43125 0.45546875 0.4125 0.465625 0.41015625 0.4703125 0.37421875 0.45546875 0.3609375 0.43203125 0.378125
0 0.284375 0.23359375 0.27421875 0.2203125 0.26328125 0.228125 0.25546875 0.2125 0.24765625 0.21875 0.21640625 0.1953125 0.17734375 0.1859375 0.1625 0.19453125 0.15625 0.21328125 0.159375 0.23203125 0.153125 0.25703125 0.1578125 0.27890625 0.16640625 0.2921875 0.20625 0.30703125 0.22890625 0.3015625 0.23984375 0.2859375 0.25078125 0.28125 0.26640625 0.2859375 0.28125 0.26484375 0.284375 0.23359375
0 0.74296875 0.1796875 0.72890625 0.184375 0.728125 0.21015625 0.753125 0.21640625 0.76171875 0.20625 0.77265625 0.215625 0.7765625 0.19296875 0.76796875 0.1875 0.75703125 0.190625 0.74296875 0.1796875
0 0.753125 0.53046875 0.753125 0.54921875 0.76875 0.57109375 0.77734375 0.55 0.8 0.54453125 0.80078125 0.5234375 0.78359375 0.525 0.76640625 0.5171875 0.753125 0.53046875
0 0.8359375 0.60859375 0.8421875 0.61015625 0.85625 0.59921875 0.85625 0.58671875 0.84453125 0.5734375 0.83359375 0.571875 0.828125 0.59140625 0.8359375 0.60859375
0 0.9046875 0.63203125 0.915625 0.61328125 0.90859375 0.6 0.89140625 0.6 0.8859375 0.62265625 0.89140625 0.63125 0.9046875 0.63203125
0 0.621875 0.91953125 0.6296875 0.91171875 0.6296875 0.90078125 0.61484375 0.890625 0.6078125 0.89453125 0.60625 0.90859375 0.621875 0.91953125
0 1 0.99921875 0.99921875 0.9671875 0.9796875 0.99921875 1 0.99921875
0 0.615625 0.84140625 0.621875 0.83359375 0.6203125 0.82421875 0.60546875 0.8171875 0.5953125 0.83515625 0.60078125 0.8421875 0.615625 0.84140625
0 0.48984375 0.9953125 0.5015625 0.99453125 0.515625 0.98671875 0.5171875 0.97421875 0.5125 0.95859375 0.49453125 0.9515625 0.4828125 0.98203125 0.48984375 0.9953125
0 0.18125 0.94921875 0.17265625 0.940625 0.1640625 0.94921875 0.1640625 0.96328125 0.175 0.96796875 0.18125 0.94921875
0 0 0.67421875 0.00625 0.67578125 0.0125 0.67109375 0.0140625 0.65703125 0.00859375 0.628125 0 0.63046875 0 0.67421875
0 0.00859375 0.6984375 0.003125 0.70703125 0.0171875 0.71953125 0.021875 0.70703125 0.00859375 0.6984375
0 0.51328125 0.3328125 0.515625 0.34765625 0.528125 0.35546875 0.53125 0.33515625 0.51328125 0.3328125
0 0.64453125 0.3296875 0.6421875 0.33984375 0.653125 0.34453125 0.6546875 0.33359375 0.64453125 0.3296875