0 0.74453125 0.384375 0.70625 0.39765625 0.7 0.43671875 0.7 0.44453125 0.71484375 0.4578125 0.75546875 0.440625 0.7578125 0.46015625 0.76875 0.46171875 0.784375 0.44296875 0.7796875 0.41640625 0.7875 0.38984375 0.77421875 0.3578125 0.75546875 0.36875 0.74453125 0.384375
0 0.340625 0.24296875 0.31796875 0.24375 0.30703125 0.2328125 0.27734375 0.2328125 0.26328125 0.240625 0.2625 0.25703125 0.271875 0.26015625 0.2703125 0.27265625 0.2828125 0.29296875 0.29453125 0.296875 0.30234375 0.2890625 0.3046875 0.31015625 0.3296875 0.32109375 0.3390625 0.31796875 0.346875 0.30234375 0.3453125 0.27421875 0.353125 0.27109375 0.3421875 0.26328125 0.340625 0.24296875
0 0.0625 0.18203125 0.075 0.18359375 0.103125 0.16953125 0.1015625 0.15859375 0.08515625 0.146875 0.07265625 0.146875 0.0609375 0.16171875 0.0625 0.18203125
0 0.0109375 0.21328125 0.0265625 0.20234375 0.01953125 0.1796875 0 0.18359375 0.0015625 0.23515625 0.0109375 0.21328125
0 0.015625 0.23828125 0.01953125 0.246875 0.04375 0.25390625 0.0578125 0.23984375 0.0578125 0.23046875 0.05 0.21171875 0.03984375 0.20625 0.0328125 0.22421875 0.015625 0.23828125
0 0.053125 0.30859375 0.0609375 0.31796875 0.0609375 0.33203125 0.0734375 0.33359375 0.10078125 0.3296875 0.1078125 0.31171875 0.08203125 0.2890625 0.07109375 0.2875 0.053125 0.30078125 0.053125 0.30859375
0 0.03671875 0.5046875 0.05 0.50703125 0.0625 0.47421875 0.05234375 0.4640625 0.03515625 0.4625 0.025 0.47109375 0.0265625 0.49140625 0.03671875 0.5046875
0 0.11171875 0.48125 0.1125 0.49609375 0.1234375 0.50390625 0.1328125 0.49140625 0.11171875 0.48125
0 0.1359375 0.55859375 0.12109375 0.5484375 0.115625 0.55234375 0.11875 0.57265625 0.1328125 0.57578125 0.1359375 0.55859375
0 0.025 0.64609375 0.034375 0.69453125 0.0421875 0.69765625 0.05625 0.68671875 0.059375 0.67578125 0.0640625 0.63984375 0.05703125 0.634375 0.03515625 0.6359375 0.025 0.64609375
0 0.42734375 0.734375 0.4421875 0.73515625 0.45546875 0.73125 0.4703125 0.71171875 0.46796875 0.6984375 0.44765625 0.7 0.425 0.72421875 0.42734375 0.734375
0 0.896875 0.20859375 0.9078125 0.19765625 0.91015625 0.1640625 0.89296875 0.1703125 0.8828125 0.18984375 0.8875 0.20703125 0.896875 0.20859375
0 0.6328125 0.09296875 0.64375 0.09453125 0.6609375 0.07890625 0.66875 0.04765625 0.66640625 0.034375 0.65546875 0.0359375 0.63125 0.05390625 0.6328125 0.09296875
0 0.6828125 0.44765625 0.67890625 0.434375 0.6609375 0.44296875 0.659375 0.45703125 0.66875 0.46484375 0.6828125 0.44765625
0 0.86015625 0.5953125 0.8546875 0.60859375 0.8640625 0.61640625 0.8734375 0.60078125 0.86015625 0.5953125
0 0.853125 0.47265625 0.85234375 0.45625 0.8359375 0.46796875 0.8359375 0.47890625 0.8421875 0.48359375 0.853125 0.47265625
0 0.1578125 0.08984375 0.1703125 0.09609375 0.1859375 0.08203125 0.1859375 0.07109375 0.17890625 0.0640625 0.16484375 0.065625 0.15625 0.07734375 0.1578125 0.08984375
0 0.3140625 0.67578125 0.30859375 0.665625 0.29375 0.67578125 0.29609375 0.6828125 0.3046875 0.68359375 0.3140625 0.67578125