0 0.2220854015625 0.509375 0.23789759687499998 0.4680238015625 0.23824284375000002 0.4160159359375 0.2650290140625 0.3870484359375 0.2645920234375 0.36418069218750004 0.2535492703125 0.3498291265625 0.23852199999999998 0.35179014999999997 0.2304428109375 0.36405213125 0.227526928125 0.40416891406250005 0.203876946875 0.43374602656250005 0.1956912265625 0.4842298578125 0.18669762031249998 0.501196121875 0.1873774015625 0.509375 0.2220854015625 0.509375
0 0.1431946703125 0.509375 0.1431618703125 0.5033113593749999 0.11299717499999999 0.48687020625 0.106556890625 0.509375 0.1431946703125 0.509375
0 0.0161610015625 0.3655245546875 0.035327003125 0.3757594203125 0.043755059375 0.370074625 0.048980834375 0.35156229687499996 0.0357163125 0.331896834375 0.01605085 0.34516135625 0.013285559375 0.3552015671875 0.0161610015625 0.3655245546875
0 0.31166443906249996 0.14712997187500002 0.31405883125 0.1264399359375 0.29704850625 0.10930104843749999 0.2814556828125 0.1225435390625 0.267581546875 0.1060142671875 0.2667956890625 0.07656933906249999 0.2608060875 0.06970937656250001 0.246410459375 0.07260685156249999 0.2433403625 0.08421515625 0.24249203593750002 0.10113735937499999 0.25133505 0.11424766718749998 0.259373796875 0.15242545937500002 0.2669094625 0.1555175859375 0.2831559609375 0.14728418593749998 0.297617678125 0.15660463125 0.31166443906249996 0.14712997187500002
0 0.17814130781249998 0.1935924671875 0.2018573796875 0.1762332734375 0.2035980984375 0.150534146875 0.1910313109375 0.1440230546875 0.182797909375 0.12777655625 0.168707090625 0.1291059359375 0.1564487296875 0.1796117984375 0.17814130781249998 0.1935924671875
0 0.12583225625 0.2534003640625 0.13680891875 0.2555340109375 0.1489827765625 0.24732264062499998 0.153206009375 0.2172240359375 0.148130828125 0.2056597921875 0.1265924625 0.2201876015625 0.121693525 0.24120447500000003 0.12583225625 0.2534003640625
0 0.3906271703125 0.3813564 0.4129293609375 0.3922008796875 0.4197893234375 0.3862112765625 0.4320697125 0.3397780546875 0.41910999687499995 0.318544496875 0.390994446875 0.333421175 0.3854858953125 0.3575742359375 0.3906271703125 0.3813564
0 0.441265521875 0.070612934375 0.42504105625 0.0829189765625 0.4154818953125 0.1111667078125 0.42776590625 0.12331853749999999 0.4374572484375 0.1195066421875 0.44886728124999997 0.0859229828125 0.441265521875 0.070612934375
0 0.4890625 0.3617820625 0.5819722015625001 0.3877748578125 0.646099559375 0.366643978125 0.678010771875 0.3359996890625 0.6946558125 0.25036838281249996 0.653710259375 0.20231095 0.63304478125 0.19179154062499998 0.5310980703125 0.1654726609375 0.4890625 0.1740010875 0.4890625 0.3617820625
0 0 1 0.22594577500000002 1 0.236588059375 0.9735371453125001 0.24757245156250002 0.9346271906249999 0.2573039578125 0.8806518546875001 0.2607120328125 0.8513855953125 0.25971467812500004 0.795894853125 0.2542401609375 0.761481565625 0.246919375 0.7306998984374999 0.234524075 0.698646809375 0.2188099515625 0.6719343515625 0.2027494671875 0.6538481468749999 0.1818628140625 0.638101740625 0.168012484375 0.631133978125 0.1526821625 0.627869028125 0.12995800156249998 0.6274423953125 0.117016590625 0.6294874078125 0.0962505171875 0.6375648984375 0.06590541250000001 0.6587447765625 0.0554982046875 0.6692633796875 0.0470142890625 0.6835762578125 0.039559625 0.6886830328125 0.031464301562500005 0.6970857015625 0.027298709375 0.70482705625 0.006989743750000001 0.7447748531249999 0.00634165 0.75006455 0.0018482890625 0.7614476531250001 0 0.7648412703125 0 1
0 0.4890625 0.509375 0.4890625 1 1 1 1 0.5205342421875 0.942590678125 0.509375 0.4890625 0.509375