0 0.45 0.48824072812499997 0.455598621875 0.48675242656249995 0.6258269750000001 0.3971922546875 0.684368921875 0.4015285234375 0.703431059375 0.3849009765625 0.7165365703125 0.3991553484375 0.7468588515625 0.4079611734375 0.8217765218749999 0.40153874062500006 0.8209293109375 0.367651921875 0.8124433828125 0.3540267171875 0.7550752000000001 0.3399786609375 0.8236911953125 0.3223067546875 0.827551371875 0.30672611875 0.8207413703124999 0.27514455312499997 0.754805621875 0.2583709453125 0.6941672265625 0.26933596249999997 0.697361965625 0.2837992078125 0.6894721703125001 0.30818311249999997 0.660668703125 0.33179689687499997 0.6095205578125 0.3398979671875 0.554179515625 0.3786016125 0.49102415 0.40221284218750003 0.46751187187500004 0.424988584375 0.45 0.4322574 0.45 0.48824072812499997
0 1 0.22491582187499998 0.9950116734375001 0.2339344453125 0.9901471749999999 0.26600423281249996 0.9517656562500001 0.27480494843750003 0.9390806671874999 0.26320565 0.926740728125 0.2937377484375 0.9201186671875 0.35466355 1 0.3431829125 1 0.22491582187499998
0 0.8817438046875001 0.5796875 0.9722834671874999 0.3872266640625 0.9420489906250001 0.3960978546875 0.8725164765625 0.44793593125 0.8041329015625 0.5796875 0.8817438046875001 0.5796875
0 1 0.3270427296875 0.84655036875 0.3867282265625 0.686904390625 0.4746123171875 0.5707555125 0.517503615625 0.558917734375 0.5397911390625 0.59730541875 0.5595670921875 0.6112821625 0.5796875 0.6277746125 0.5796875 0.948683384375 0.392325390625 1 0.37045335 1 0.3270427296875
0 0.541104834375 0.5072305781249999 0.5405210359375 0.52637480625 0.5631984328125 0.5268655796874999 0.569914465625 0.5121934640625 0.6259332765625001 0.500599275 0.66531911875 0.4753094078125 0.718469740625 0.405653365625 0.704523184375 0.386088840625 0.6878963796875001 0.40096982812500004 0.648673815625 0.40446039218749996 0.6082020140625 0.45713906406250004 0.5609202109375 0.4782361671875 0.541104834375 0.5072305781249999
0 0.6931567375000001 0.2572484453125 0.7008016203125 0.2655634984375 0.7511087203125 0.252152275 0.7951079796875 0.198914909375 0.8040899015624999 0.17571886875 0.8226498781250001 0.167335896875 0.8278532609375 0.14882083906250002 0.8232275109374999 0.1196150015625 0.81247569375 0.1145137203125 0.8066823453125 0.12359633750000001 0.7978575328125 0.09641640625 0.7780421546875 0.12541081874999999 0.7667003718750001 0.110877096875 0.7467155515625 0.1330941453125 0.739083003125 0.1819324296875 0.6931567375000001 0.2572484453125
0 0.923176275 0.1228364359375 0.91032184375 0.10445977343749999 0.8906759093750001 0.14023154843750002 0.8569956125000001 0.1387617828125 0.86563865 0.10201101406249999 0.859588053125 0.08663925312500001 0.8416996812499999 0.0935550125 0.8232275109374999 0.1196150015625 0.8272694625 0.16796506718749998 0.9213370734375002 0.16259210156249998 0.923176275 0.1228364359375
0 0.6951592171875 0.195693475 0.6425045875000001 0.22852827343749998 0.635957996875 0.2499777546875 0.6850096953125 0.2571779703125 0.7232156078124999 0.21302322343750002 0.739083003125 0.1819324296875 0.749150884375 0.1313475859375 0.7409160390625 0.11360009374999999 0.7539275796875 0.081600784375 0.7482975078124999 0.068884096875 0.7317523421875001 0.07286543437500001 0.7272205609375 0.0899132796875 0.7043798875 0.11122181093750001 0.69120506875 0.1650204265625 0.6951592171875 0.195693475
0 0.5893539624999999 0.2981843140625 0.54065348125 0.36169216406250004 0.535450096875 0.3802072203125 0.554179515625 0.3786016125 0.626567884375 0.3276720546875 0.5893539624999999 0.2981843140625
0 0.5605751609375 0.436104771875 0.5241268140625001 0.45140350468749996 0.5153959703125001 0.47047725625 0.5196828375 0.48612836562500006 0.551342159375 0.4634231 0.5605751609375 0.436104771875
0 0.7002624625 0.10234806406250001 0.7241136265625 0.0931270515625 0.729900809375 0.055467765625 0.722255928125 0.047152714062500004 0.7031937906250001 0.06378026249999999 0.6961327078125 0.036320984375 0.6800080640624999 0.042957396875 0.6669148859374999 0.08585635781249999 0.5802657390625 0.21797333437500002 0.63082391875 0.200439825 0.7002624625 0.10234806406250001
0 0.5148629812500001 0.335838490625 0.5260353203125 0.3435948484375 0.5210830171875 0.35798761875 0.5256209640625 0.369516440625 0.5437604171875 0.35847839062500003 0.54375425 0.3299017234375 0.515697859375 0.312571975 0.4871454734375 0.332063471875 0.489838053125 0.35477129375 0.496641890625 0.3577761921875 0.5060443343750001 0.337235228125 0.5148629812500001 0.335838490625
0 0.5223445859375 0.365952846875 0.539310275 0.3646265859375 0.548624915625 0.32640860625 0.5709572640625 0.284767984375 0.56751144375 0.274427025 0.4871454734375 0.332063471875 0.489838053125 0.35477129375 0.5148629812500001 0.335838490625 0.5260353203125 0.3435948484375 0.5223445859375 0.365952846875
0 0.774708803125 0.24705355 0.79906829375 0.2581646265625 0.8677720921875001 0.2581697375 0.8992743046874999 0.2858404421875 0.92530971875 0.27899515625000004 0.9411771156250002 0.2479043640625 0.9388172546875001 0.21017460156249998 0.923019165625 0.1732124078125 0.8929479640625001 0.1602842953125 0.8781665265624999 0.163986284375 0.8665798312499999 0.18215152031249998 0.8507879062499999 0.1737659921875 0.804930946875 0.181029021875 0.774708803125 0.24705355
0 0.9866197171875001 0.26656292656249997 0.9930846687500001 0.25601309687499996 0.9802240703125001 0.2090597671875 0.9447738796875 0.1792926796875 0.9332688203124999 0.18655826250000002 0.942601959375 0.23407028749999997 0.9393317484375 0.2590833625 0.9539499078125001 0.2771806765625 0.9866197171875001 0.26656292656249997
0 0.1443981828125 0.5796875 0.14499159687500002 0.5838090421875 0.14308621562499999 0.6808651703125 0.127796475 0.8025020046875 0.094400975 0.9080011921875 0.046262825 0.9804163812500001 0.024440543749999998 1 0.058603862500000006 1 0.08050623125 0.978448271875 0.0992977265625 0.94437238125 0.11730404375 0.9380649468750001 0.13166461875 0.914193503125 0.1354700375 0.8945854656249999 0.143096553125 0.8881942765625 0.1413116390625 0.8660161484375 0.15592348281249999 0.8110052953124999 0.2100340390625 0.7981156359374999 0.2078494046875 0.5796875 0.1443981828125 0.5796875