0 0.4390625 0.1213757953125 0.41251824062500003 0.11124554843750001 0.2467133859375 0.0687070640625 0.13381300625 0.0312923125 0.034528340625 0.0106838921875 0 0.00119128125 0 0.0823906328125 0.26213897343750003 0.1460270796875 0.297497384375 0.1386052421875 0.31655246406250004 0.1416232703125 0.38766383125 0.1756748078125 0.4390625 0.1864709875 0.4390625 0.1213757953125
0 0.9717865843750001 0.35 0.9609497921875001 0.2997132609375 0.9664187078124999 0.2240748515625 0.9430682781249999 0.114572275 0.89778039375 0.0870524109375 0.8870890265625 0.0723370046875 0.8515727984375001 0.06020075625 0.8066079375000001 0.056334537500000004 0.7648978359375 0.062750365625 0.7490112140624999 0.07569786875 0.7459931859375001 0.0947529484375 0.7624247828125 0.1657212703125 0.7630560578125 0.2439536109375 0.7479165562500001 0.26759986874999997 0.7410470828125 0.3006947578125 0.750480940625 0.32334978125 0.7725688640625 0.35 0.9717865843750001 0.35
0 0.4390625 0.5013881890625 0.428537403125 0.4868491953125 0.359215059375 0.46513676875000004 0.259816475 0.44760477187500003 0.2198596109375 0.4457482453125 0.19348984375 0.45096292499999996 0.1822173953125 0.46348800468749995 0.1788809703125 0.50410214375 0.19163890625 0.5164084453125 0.21126690781250002 0.5244364375 0.21509672656249998 0.53935348125 0.1914855171875 0.6688800031250001 0.192956159375 0.7084666984375 0.1866289703125 0.71909181875 0.19142614062500002 0.7279012515625001 0.18124933906250001 0.7432830765625 0.1509949703125 0.9245272499999999 0.152337315625 0.9551495875 0.1670200578125 0.9650775375 0.2694390953125 0.9830879265625001 0.301721475 0.969865675 0.30408065156249997 0.9451960249999999 0.2885687515625 0.9405031734375001 0.28692527968750003 0.9362180546874999 0.2891363671875 0.9222577937499998 0.30150446406250003 0.9125894593750001 0.2931340703125 0.9067917 0.29368684218749996 0.9033016359375001 0.3015143609375 0.9027525843750001 0.3024817125 0.8966449718749999 0.29548335 0.891958925 0.2992145609375 0.8684009875 0.29525644375 0.8445195828125 0.3033702453125 0.8323886265624999 0.3002313921875 0.8131090000000001 0.3056011265625 0.7987546171875 0.30498933125 0.7244222015625 0.2936083765625 0.7083091749999999 0.3018702671875 0.6854688265625001 0.2948818015625 0.6709459046875 0.3201806625 0.6382822953125 0.36550726093749997 0.6257844374999999 0.3750128875 0.59509144375 0.36418470625 0.575488353125 0.38039251875 0.5709001859375 0.38686284843749996 0.5544841109374999 0.42352782031249997 0.552688840625 0.43480026718750003 0.540163759375 0.4390625 0.525510334375 0.4390625 0.5013881890625
0 0.4390625 1 0.4390625 0.6532438125000001 0.41904131875 0.64454904375 0.4139677625 0.6374846453125 0.364130278125 0.6295911625 0.3186704359375 0.6380430984375 0.29281880312499997 0.6741967734375001 0.30117930312499996 0.6898314078125 0.2904497296875 0.7087032984375 0.302659840625 0.7195812281249999 0.306055290625 0.7567895703125 0.2981683921875 0.8163598703125 0.3026891765625 0.8269143328125 0.29346983125000004 0.84602541875 0.2978425265625 0.8672892749999999 0.2901235109375 0.8964764328125 0.2914856484375 0.9074250203125 0.3016426578125 0.9117169437499999 0.30067530625 0.9178245562499999 0.289550946875 0.9196402453125 0.284447703125 0.9420864718749999 0.2874632078125 0.9474833015625 0.301879459375 0.9493194093749999 0.305561190625 0.9749458453125002 0.3015930015625 1 0.4390625 1
0 0.8944536812500001 0.35 0.7747319265625 0.46072640625000005 0.7449878328125 0.455067403125 0.729081128125 0.462976040625 0.7616426390625 0.5013133140624999 0.7864626421875001 0.512828425 0.8196847625 0.5133502859375 0.7703317999999999 0.6230856765625 0.7480549421875 0.6375693890624999 0.7226303625 0.6382825359375 0.7364490734375 0.6603792265624999 0.760976128125 0.6737439421875 0.8045762890624999 0.68444153125 0.823668071875 0.6732453578125 0.8127228109375 0.658239784375 0.817665578125 0.643854625 0.8800517953125 0.51911948125 0.8746725546875 0.46897143906250005 0.8457886281250001 0.46629267500000005 0.8263665421875 0.49639655625 0.8130963734375 0.4876587609375 0.958712378125 0.3505098921875 0.9585958250000001 0.35 0.8944536812500001 0.35
0 0.6543035875000001 0.5734245781249999 0.63091096875 0.56971955 0.5979631203125 0.5758771359375 0.5693161078125 0.596935925 0.5715849828125 0.6162553 0.621517940625 0.6374359187499999 0.69983641875 0.7569644656250001 0.7203369093750001 0.7621074265625001 0.74087475625 0.750192284375 0.7328403 0.7252197265625 0.65940855625 0.616893171875 0.671562965625 0.6074422296875 0.6721862203125 0.58668491875 0.6543035875000001 0.5734245781249999
0 0.6755089203125 0.784395403125 0.69394009375 0.811014640625 0.730584203125 0.8319865156249999 0.7765092734375 0.8364163281250001 0.78434416875 0.820593234375 0.7664802140625 0.798803840625 0.8339340453125 0.73459539375 0.8137451812500001 0.7190737796875 0.8083099062500001 0.694512890625 0.7252236406250001 0.773309421875 0.679865790625 0.7737094515625 0.6755089203125 0.784395403125
0 0.8956204343749998 1 0.8825398843750001 0.9660220515625 0.7524000109375001 0.8961138671875 0.7273617703124999 0.8523321546875 0.7016629218749999 0.8463658531250001 0.66060590625 0.8616670859374999 0.6411651421875 0.9003000171875 0.6549838515624999 0.922396709375 0.6852951640625 0.9328855546875001 0.7182430140625 0.9267279687500001 0.8509605109375 1 0.8956204343749998 1
0 1 0.9331498515625001 0.9652584874999999 0.9231913296875 0.8840852390624999 0.7880426140625 0.8635847484374999 0.782899653125 0.8427726312499999 0.7881353484375 0.8398431468750001 0.8066313828125 0.9120657421875 0.9394144531249999 0.8874639734375 0.9601659437500001 0.8920204015625 0.9902756437499999 0.9255844578125 1 0.9724872937499999 1 0.9838705421875 0.9991352703124999 1 0.9714101359375 1 0.9331498515625001
0 1 0.6797345531250001 0.9935122859375 0.6859260218750001 0.929374278125 0.687143571875 0.9183356281249999 0.7147832546874999 0.9336190796875 0.727631928125 1 0.7290311968750001 1 0.6797345531250001
0 0.7338439937500001 0.794582771875 0.76937234375 0.79736590625 0.8131032499999999 0.7483601390625 0.782206040625 0.7415705 0.7975268484375 0.737361071875 0.7724138953125 0.7276955640625 0.72493069375 0.7751590234375 0.7338439937500001 0.794582771875
0 0.8864534046875001 0.63010151875 0.851454915625 0.6492063296875 0.8004936890625001 0.7018069312499999 0.801335178125 0.7133162234375 0.826429453125 0.73151078125 0.9009268234375 0.7489980125000001 0.9327215562500001 0.741709790625 0.932173015625 0.7283508953125001 0.9134302171875 0.7121103124999999 0.92100951875 0.6810787203124999 0.99179785 0.545350328125 0.9924024265625 0.5331220671875 0.97913225625 0.5243842734374999 0.9508342265625 0.5180063031250001 0.9378196484375 0.5244770046875 0.8864534046875001 0.63010151875
0 1 0.46343914999999997 0.9700193984375 0.4641648734375 0.9414657765625 0.4425784046875 0.915766925 0.436612103125 0.89206268125 0.44328573125000004 0.87580699375 0.47863112656249995 0.8823953828125 0.5043226515625 0.9069037609375 0.5262164171875 0.924805071875 0.530947709375 0.9389914421875 0.517078590625 0.9713720734375 0.5060911609375001 1 0.50539818125 1 0.46343914999999997