0 0.46171875 0.8578125 0.465625 0.85234375 0.4703125 0.82421875 0.4828125 0.80078125 0.49765625 0.79375 0.51171875 0.7953125 0.53828125 0.809375 0.56875 0.83984375 0.58125 0.86015625 0.5890625 0.91015625 0.5859375 0.93359375 0.5703125 0.95390625 0.52578125 0.978125 0.5109375 0.99921875 0.875 0.99921875 0.8359375 0.63671875 0.746875 0.00078125 0.45234375 0 0.45 0.57265625 0.45625 0.85546875 0.46171875 0.8578125
0 0.26875 0.13984375 0.2875 0.15703125 0.2875 0.21796875 0.3078125 0.23671875 0.3078125 0.26640625 0.2984375 0.29453125 0.27890625 0.303125 0.271875 0.32109375 0.2 0.87734375 0.21015625 0.8859375 0.23828125 0.890625 0.3984375 0.89296875 0.415625 0.88671875 0.4421875 0.47890625 0.4484375 0.31953125 0.446875 0.00234375 0.30078125 0 0.26875 0.13984375
0 0.578125 0.89609375 0.44609375 0.8921875 0.35703125 0.8984375 0.19765625 0.8921875 0.159375 0.89921875 0.153125 0.97421875 0.15703125 0.9984375 0.4171875 0.99921875 0.43828125 0.9921875 0.49609375 0.990625 0.51328125 0.971875 0.559375 0.94765625 0.5765625 0.91953125 0.578125 0.89609375
0 0.234375 0.18046875 0.2328125 0.17109375 0.21484375 0.1609375 0.2 0.16640625 0.19375 0.22578125 0.165625 0.33828125 0.11875 0.71953125 0.096875 0.83828125 0.0859375 0.85859375 0.0875 0.89921875 0.0734375 0.98515625 0.07421875 1 0.146875 0.99921875 0.153125 0.87734375 0.1625 0.83828125 0.1671875 0.77421875 0.1828125 0.70859375 0.2109375 0.47578125 0.234375 0.18046875
0 0.1484375 0.03203125 0.1734375 0.03359375 0.184375 0.02734375 0.18125 0.00546875 0.17578125 0 0.14609375 0.0015625 0.140625 0.02109375 0.1484375 0.03203125
0 0.1984375 0.05234375 0.2078125 0.05546875 0.2265625 0.04453125 0.2265625 0.01640625 0.21796875 0.0046875 0.20625 0.01171875 0.2 0.02578125 0.1984375 0.05234375
0 0.11953125 0.165625 0.146875 0.17109375 0.1734375 0.15859375 0.1765625 0.13515625 0.17109375 0.1265625 0.13515625 0.1234375 0.10625 0.13515625 0.11953125 0.165625
0 0.09921875 0.175 0.08828125 0.1765625 0.0796875 0.19296875 0.08125 0.23515625 0.065625 0.27421875 0.065625 0.29140625 0.071875 0.29296875 0.08046875 0.2734375 0.1078125 0.26328125 0.1 0.24609375 0.1 0.22578125 0.1109375 0.19140625 0.09921875 0.175
0 0.0953125 0.83671875 0.09921875 0.796875 0 0.79453125 0.00078125 0.8515625 0.08125 0.85234375 0.0953125 0.83671875
0 0.00078125 0.890625 0 0.99921875 0.05 0.99921875 0.06875 0.98203125 0.0734375 0.96796875 0.078125 0.94609375 0.075 0.89765625 0.06640625 0.8890625 0.00078125 0.890625
0 0.578125 0.89609375 0.40859375 0.89375 0.35078125 0.9 0.19609375 0.89375 0.16640625 0.896875 0.1578125 0.90546875 0.153125 0.98359375 0.15703125 0.9984375 0.4171875 0.99921875 0.43828125 0.9921875 0.49765625 0.9890625 0.51171875 0.9734375 0.5625 0.94453125 0.578125 0.91953125 0.578125 0.89609375
0 0.25390625 0 0.246875 0.02421875 0.225 0.15078125 0.225 0.16171875 0.2359375 0.17265625 0.2328125 0.23359375 0.2375 0.24765625 0.2484375 0.16171875 0.2515625 0.15078125 0.265625 0.13828125 0.2859375 0.06484375 0.29453125 0 0.25390625 0
0 0.25859375 0.146875 0.25 0.15703125 0.24375 0.24921875 0.2171875 0.39609375 0.1859375 0.69453125 0.1625 0.80546875 0.1546875 0.88828125 0.175 0.89140625 0.1953125 0.88515625 0.2 0.86484375 0.278125 0.28671875 0.2859375 0.15859375 0.27265625 0.146875 0.25859375 0.146875