0 0.134278978125 0.3485174921875 0.13968963437499998 0.3259657046875 0.131697290625 0.31708930625 0.1822115265625 0.3053588328125 0.2069734484375 0.2685976359375 0.198270275 0.257146725 0.1340806484375 0.25547419531250004 0.08836540625 0.28860001562500004 0.0463703625 0.2830161328125 0.035541875 0.29598069531250004 0.0566755921875 0.31231183281249997 0.08242431875 0.32127305 0.060410134375 0.33788016249999997 0.10639776406250001 0.3318327359375 0.134278978125 0.3485174921875
0 0.1867166109375 0.203258740625 0.170647103125 0.20326232656249998 0.1015808390625 0.23008985 0.10273728124999999 0.24029950000000003 0.1737628078125 0.2406387765625 0.18175156718750002 0.233445665625 0.17411284375 0.2178217703125 0.1867166109375 0.203258740625
0 0.17294205625 0.143334090625 0.150478671875 0.1362365578125 0.1265972171875 0.14005950625000002 0.1038722046875 0.1540921046875 0.114619459375 0.1749534328125 0.133528696875 0.1691783953125 0.141697853125 0.17468104375 0.146578078125 0.1622505015625 0.17294205625 0.143334090625
0 0 0.059442498437500005 0.0126710734375 0.0545880453125 0.098524846875 0.062470465625000006 0.1350948875 0.0263281046875 0.11156346875 0.0073340484375 0 0.0362394453125 0 0.059442498437500005
0 0.5710373390625 0.5390625 0.5712949359375 0.5019270546875 0.575909946875 0.4945571328125 0.594200346875 0.5005902140625 0.5957068234375 0.4879828609375 0.49919778593749997 0.47362174531249995 0.5043288828125 0.39185254999999997 0.49349680781250005 0.388747603125 0.482933534375 0.39665154375 0.46845890937499995 0.3823609 0.45834125 0.3978999765625 0.445517871875 0.5390625 0.5710373390625 0.5390625
0 1 0.4510716265625 0.9993894328125 0.45078196718749997 0.9933491796875 0.43693335156249996 0.9832279343749999 0.43640291875 0.9471883250000002 0.462424034375 0.9325440609375001 0.48364615625 0.9251813140625 0.5111701625 0.9249160984374999 0.5162307859374999 0.9399211546874999 0.5204001828125 1 0.5235487828125 1 0.4510716265625
0 0.321533384375 1 0.3117627203125 0.9780475 0.31314483125 0.9516752421875001 0.2753095421875 0.917958746875 0.2206758453125 0.8269465421875001 0.21359499531249998 0.8001307578125001 0.2372685828125 0.780215684375 0.235000440625 0.7695189390625 0.20607112968750002 0.7547804734375 0.132264753125 0.7597273421875 0.13025534375 0.7710813984375 0.16517750625 0.806408203125 0.1741579375 0.850953334375 0.2229653765625 0.9451861562499999 0.2571263625 1 0.321533384375 1
0 0.3890625 0.5390625 0.351497109375 0.5390625 0.3448840328125 0.561957178125 0.3593221546875 0.61031429375 0.33419200312499997 0.631034521875 0.3350249703125 0.750079290625 0.3641422640625 0.8961695796875 0.3890625 0.9569225593749999 0.3890625 0.7261199781250001 0.3879927328125 0.60300195625 0.3890625 0.599175546875 0.3890625 0.5390625
0 0.3341352390625 0.5781421609375 0.31484903124999997 0.5683165171875 0.3047452234375 0.5721944484375 0.289258175 0.5978274984375 0.0571116421875 0.736395959375 0.06391607187500001 0.7684861953125 0.285498090625 0.6425864171875 0.3448486546875 0.6166076859375 0.354325165625 0.5977115562499999 0.3341352390625 0.5781421609375
0 0.053346678125000005 0.5390625 0.020013478125 0.6886142609375 0.0164023 0.7845073875 0.050700864062499996 0.9396841140625 0.0405793671875 0.9708873015624999 0.0625944234375 0.9826189375000001 0.066581825 1 0.11557738125000001 1 0.10059260625 0.9052762624999999 0.0874090765625 0.8869555468750001 0.0865230453125 0.8498865421874999 0.055378656250000005 0.742475565625 0.0625870234375 0.7128826890625 0.083716046875 0.687545321875 0.0837514234375 0.6328948125 0.10150661406249999 0.6179585078125001 0.0918811984375 0.5857204296875 0.1006263484375 0.5390625 0.053346678125000005 0.5390625
0 0.3890625 0.5390625 0.3890625 1 0.4512506703125 1 0.4631447171875 0.960230071875 0.4877262421875 0.9107731140624999 0.5085732249999999 0.8357478281249999 0.5540053171875 0.7273350921875 0.5552537515625 0.7519273765625 0.583495759375 0.7940036546875 0.6025077484375 0.8508197718750001 0.6826766515625 1 0.8498014937499999 1 0.8422278703125 0.892138596875 0.8160263593749999 0.8434032265625 0.8150395546875 0.7976808125 0.792381428125 0.713609490625 0.7786140453125 0.6858238562500001 0.779137303125 0.6435635953125 0.766253975 0.5989092171875 0.7624546406249999 0.5390625 0.3890625 0.5390625