0 0.5263109453125 0.28851296406250004 0.53315370625 0.2808219609375 0.5300234078125 0.2637537125 0.512534453125 0.27491158125 0.5143116625 0.28707914687499997 0.5263109453125 0.28851296406250004
0 0.5389231125 0.38576934375 0.5588624078125 0.3739349296875 0.554042453125 0.3583880546875 0.529963159375 0.37242038437499997 0.530979684375 0.383743121875 0.5389231125 0.38576934375
0 0.5281996046875 0.4214306234375 0.5386775140625 0.4211747859375 0.5486471625 0.41525757968750004 0.5560789140625 0.3963279796875 0.552359625 0.3904983296875 0.5293775843749999 0.39895343125 0.523295509375 0.40748926093750004 0.5281996046875 0.4214306234375
0 0.5559343390625 0.4890625 0.564715953125 0.477276796875 0.565389084375 0.4644326875 0.5584587671875 0.458434753125 0.5359849890625 0.472551225 0.5420594953125 0.4890625 0.5559343390625 0.4890625
0 0.4403068171875 0.362891925 0.4538240578125 0.35072094531250003 0.450862040625 0.3304416703125 0.43168343125 0.3431209109375 0.43236338906249994 0.3608657046875 0.4403068171875 0.362891925
0 0.47130959843750003 0.3242686265625 0.47646270625 0.3180989953125 0.4698689546875 0.3056790078125 0.460323428125 0.3188630953125 0.47130959843750003 0.3242686265625
0 0.5410595859375 0.11460922031250001 0.5315140578124999 0.127793309375 0.530336078125 0.1502705 0.5416622296875 0.16454842812499998 0.5521401406249999 0.16429259062499998 0.5588146187499999 0.159812615625 0.5613456875 0.14223610625 0.5529747265625 0.11764855156250001 0.5410595859375 0.11460922031250001
0 0.56875 0.4890625 0.56875 0 0.22208058749999998 0 0.187595 0.4890625 0.56875 0.4890625
0 0.28096295 0.0856838609375 0.28501539062500003 0.06979700625 0.2784216390625 0.057377017187500004 0.2719995859375 0.057040451562500004 0.268539546875 0.07698316093749999 0.28096295 0.0856838609375
0 0.5691862015625 0 0.56875 0.001998325 0.56875 0.4890625 0.6925605375 0.4890625 0.692543803125 0.488519 0.6995548484375 0.47761696875000004 0.6876362921875 0.4592831859375 0.6963369937499999 0.44685978437499996 0.697094265625 0.4324101609375 0.6877977484375 0.42548325781249996 0.6913453421875 0.4192294859375 0.6812881390625 0.4114577546875 0.6604164609375001 0.4103639171875 0.661850278125 0.39836463437499997 0.6900729812499999 0.3974288390625 0.6931123109375 0.3855136984375 0.707306096875 0.3757930609375 0.7085784578125 0.3975937078125 0.6932840078125 0.39759712187499996 0.6921026140625 0.40477986250000003 0.695653621875 0.4138205421875 0.707312925 0.40638196249999997 0.7153370796875 0.3915082171875 0.7235329296875 0.38871789843750004 0.7277536546875 0.36962001718750004 0.7424557015625 0.36556074843749997 0.7485343656250001 0.341730465625 0.7585040140625 0.335813259375 0.7617082140625 0.305392640625 0.7459055 0.29973468593749997 0.75350895 0.2928885109375 0.764242696875 0.30311058125 0.7684668343750001 0.2993071515625 0.78738960625 0.27615 0.779530321875 0.2725182671875 0.78189310625 0.258152784375 0.7874703343749999 0.25925003593749996 0.7945655203124999 0.24674249218750002 0.79845650625 0.2646555671875 0.8051309859375 0.2601755921875 0.8144275015625 0.26710249375 0.846706059375 0.265574296875 0.8554909015625001 0.251545378125 0.867914303125 0.2602460796875 0.867150203125 0.2441068 0.8425592359374999 0.23718331093749997 0.8533737109375 0.23050541875000002 0.877540559375 0.2301620265625 0.8800784546875 0.24317441718750002 0.9062612812499999 0.18900424531249999 0.897637896875 0.1692332328125 0.8820034671875 0.1603642484375 0.8825924562499999 0.14912565312499998 0.8946758796875001 0.1489539578125 0.8977152109375 0.1370388171875 0.8891793796874999 0.130956740625 0.8586746203125 0.1293580546875 0.8513167687500001 0.1007987859375 0.835429915625 0.09674634374999999 0.8493712765625 0.0918422484375 0.864830596875 0.07333335625000001 0.877254 0.08203405625 0.8849415890625 0.073582365625 0.8823195515625001 0.0621754875 0.8875567999999999 0.05440034218749999 0.92802438125 0.019492921875 0.9189802890625 0.0077494765625000005 0.9320768234375001 0.00360606875 0.93129353125 0 0.5691862015625 0
0 0.0927023296875 0.4890625 0.08747547812499999 0.53056078125 0.0724644421875 0.5478711765625001 0.092664675 0.633382915625 0.065843628125 0.6742038296875 0.10808749843750001 0.7427737343749999 0.0700628671875 0.7618942203125 0.059538090625 0.7945206390624999 0.1643965734375 0.8120807687500001 0.179407609375 0.7947703718750001 0.16723406406250002 0.757938203125 0.1840885046875 0.6381742359375 0.22844280156250002 0.531916203125 0.23630849999999998 0.4890625 0.0927023296875 0.4890625
0 0 0.8299662515625 0.1701680671875 0.8365126937499999 0.376029325 0.8442852437500001 0.3862388234375 0.8176746640625 0.17686126562499999 0.8097178328125001 0.1621172515625 0.7546538609375 0.0700628671875 0.7618942203125 0.0569917484375 0.8094681015624999 0 0.798908153125 0 0.8299662515625
0 0.383668353125 0.7994428609374999 0.3981710890625 0.52271419375 0.3837664796875 0.49481364531249994 0.36363863125 0.5088396984375 0.36244990625 0.6324408531250001 0.3416432484375 0.592140059375 0.34831231875 0.532165934375 0.3275056609375 0.49186514062500003 0.320181909375 0.53069168125 0.308663046875 0.5150070953125 0.25152878125 0.6296439046875 0.259603725 0.7446820015625001 0.23629898124999998 0.7856871953125 0.25070359062500003 0.8135877453125 0.2983312953125 0.8130676250000001 0.3113782859375 0.73231448125 0.3283774921875 0.8116260984375 0.383668353125 0.7994428609374999
0 0 0.626576546875 0.0229933328125 0.6508448687499999 0.0498385078125 0.64320321875 0.048456759375000005 0.5013702624999999 0.0024295671875 0.504990440625 0 0.51337516875 0 0.626576546875
0 0.856269790625 0.6621422890625001 0.8626918453125001 0.6624788546875 0.865899459375 0.6473526875 0.8738463 0.6646733593749999 0.8802683546875001 0.665009925 0.8924359203125001 0.663232715625 0.9111062671875001 0.64489210625 0.9216683187499999 0.6430307546874999 0.9284201124999999 0.6063563625 0.913882934375 0.591910153125 0.8888746734375002 0.6083086828125 0.8587098921875 0.6155823921875 0.856269790625 0.6621422890625001
0 0.6120451124999999 0.4890625 0.61244999375 0.49159174375000003 0.6205651171875 0.5057013875 0.660706375 0.5230993749999999 0.68428081875 0.5187001265625 0.696360828125 0.503233978125 0.7078518484374999 0.49900642812499996 0.7236545609375 0.5046643828125 0.7359030421874999 0.4890625 0.6120451124999999 0.4890625
0 0.9888338171874999 0.5902034296875 0.9931386828125 0.5695000343750001 0.9748014875 0.5661241390625 0.9764104140625001 0.5815027296874999 0.9888338171874999 0.5902034296875