0 0.5898840765625 0 0.6136731265625001 0.28923567499999997 0.6176576625 0.29502505156250003 0.626685996875 0.2927312875 0.6410962 0.21617373281250002 0.646857059375 0.21382293593749999 0.664461590625 0.2819510125 0.6796875 0.45933016249999997 0.6796875 0.2782345625 0.6506414765625 0 0.5898840765625 0
0 0.22463453906250003 0 0.223959440625 0.333094509375 0.2164346609375 0.48331285937499996 0.20800931875 0.49787391718749996 0.2106779375 0.53223945 0.23805465781250001 0.5390625 0.2438537046875 0.5390625 0.2498591328125 0.534557596875 0.252580653125 0.519079859375 0.6234677109375 0.52391948125 0.6325245625 0.5199919796875 0.6336408578125 0.5028519890625 0.615812325 0.4943696109375 0.296402275 0.48961140625 0.3002686078125 0.4553599421875 0.5317087125 0 0.46878945781250003 0 0.2898549203125 0.34976995781250003 0.2860414859375 0.3341781546875 0.296357221875 0.3049419703125 0.29772603750000004 0.22652254374999997 0.291504771875 0.2084373578125 0.29088945625 0 0.22463453906250003 0
0 0.002581546875 0 0.0110312453125 0.0327640296875 0.0201736484375 0.023935314062499997 0.0208489359375 0 0.002581546875 0
0 0.11278754531249999 0.10154386093750001 0.1218729140625 0.0959826203125 0.12124140624999999 0.085349065625 0.11616495468750002 0.048490149999999996 0.110489646875 0.045939734375 0.107169271875 0.09572596875 0.11278754531249999 0.10154386093750001
0 0.096898590625 0.3096315859375 0.1082533421875 0.3613082140625 0.11576200625 0.35245098124999996 0.11713495781250001 0.32060734687500003 0.10193825625 0.2549726546875 0.096898590625 0.3096315859375
0 0.3127372859375 0.158186840625 0.31586413593749996 0.16640979375 0.3271073953125 0.17804171562499999 0.3102376578125 0.11403405312499999 0.3019787109375 0.11879083906250001 0.30642664062499997 0.1450072421875 0.3127372859375 0.158186840625
0 0.487468671875 0.358911365625 0.48152855624999996 0.32450054375000004 0.47467627187500006 0.34235133125 0.4744806515625 0.4224476734375 0.48684151093750005 0.3948413296875 0.4870410640625 0.38340901875 0.487468671875 0.358911365625
0 0.4458791015625 0.3059078859375 0.44570805937499997 0.3157069234375 0.4453659734375 0.3353049953125 0.4486809796875 0.379098646875 0.45486048125 0.353441240625 0.452503328125 0.30112243906249997 0.4458791015625 0.3059078859375
0 0.356531725 0.17855531875 0.36978024062500003 0.1689845515625 0.368459159375 0.150991096875 0.368886771875 0.1264931984375 0.3627471015625 0.10351481250000001 0.3594207625 0.1067241734375 0.3576720125 0.113228246875 0.356531725 0.17855531875
0 0.34656696249999996 0 0.3465330296875 0.00194403125 0.35290075781249997 0.0118570765625 0.3675273671875 0.0170134578125 0.3660067359375 0.0104523171875 0.363066009375 0 0.34656696249999996 0
0 0 1 0.6796875 1 0.6796875 0.5390625 0.429287653125 0.5390625 0.42425376249999996 0.5813431921875 0.47893536875000003 0.6018658593749999 0.5750224109375 0.59267184375 0.5385229359375 0.611602940625 0.4098393953125 0.596311296875 0.324263746875 0.6339539625 0.20186855625 0.61877208125 0.188988334375 0.6359412109375 0.16728262968750002 0.6181683828125 0.1323931828125 0.6349533390625 0.11705170625000001 0.6129431109375 0.09466308125 0.6342947578125 0.07303325625 0.6121747656250001 0.0445080390625 0.624722321875 0.013293928125000002 0.6111320124999999 0 0.6288526046875 0 1