0 0.0265625 0.80234375 0.0453125 0.81015625 0.0515625 0.80546875 0.0578125 0.78046875 0.05390625 0.7609375 0.03046875 0.7703125 0.0234375 0.78359375 0.0265625 0.80234375
0 0.8140625 0.64765625 0.81796875 0.621875 0.784375 0.63984375 0.78828125 0.65625 0.803125 0.65546875 0.8140625 0.64765625
0 0.7734375 0.59609375 0.78046875 0.60625 0.79375 0.60546875 0.8 0.60078125 0.7984375 0.58515625 0.7890625 0.56796875 0.78046875 0.565625 0.771875 0.58046875 0.7734375 0.59609375
0 0.7265625 0.59140625 0.72265625 0.575 0.70625 0.58671875 0.70859375 0.5984375 0.7203125 0.59921875 0.7265625 0.59140625
0 0.75625 0.68046875 0.75078125 0.665625 0.728125 0.68046875 0.7296875 0.69140625 0.7375 0.69296875 0.75625 0.68046875
0 0.72890625 0.728125 0.7390625 0.72734375 0.7484375 0.72109375 0.7546875 0.70234375 0.75078125 0.696875 0.72890625 0.70625 0.7234375 0.71484375 0.72890625 0.728125
0 0.7578125 0.79453125 0.7671875 0.78046875 0.7671875 0.76796875 0.76015625 0.7625 0.7390625 0.77734375 0.74609375 0.79375 0.7578125 0.79453125
0 0.753125 0.82265625 0.7640625 0.80859375 0.75859375 0.8 0.74609375 0.803125 0.740625 0.81171875 0.74609375 0.821875 0.753125 0.82265625
0 0.7109375 0.90234375 0.69765625 0.8859375 0.6875 0.89765625 0.6875 0.91015625 0.7046875 0.91484375 0.7109375 0.90234375
0 0.653125 0.66328125 0.64921875 0.64375 0.63125 0.65703125 0.6328125 0.67421875 0.640625 0.67578125 0.653125 0.66328125
0 0.66640625 0.61875 0.6578125 0.63203125 0.66875 0.63671875 0.6734375 0.63046875 0.66640625 0.61875
0 0.7171875 0.46484375 0.72890625 0.478125 0.7390625 0.47734375 0.7453125 0.47265625 0.746875 0.45546875 0.7375 0.43203125 0.72578125 0.4296875 0.7171875 0.44296875 0.7171875 0.46484375
0 0.784375 0.41015625 0.8078125 0.38359375 0.80390625 0.3703125 0.78203125 0.3734375 0.7671875 0.38828125 0.76875 0.40234375 0.784375 0.41015625
0 0.8046875 0.47890625 0.81484375 0.49375 0.8203125 0.49296875 0.828125 0.48828125 0.8296875 0.47734375 0.821875 0.45390625 0.81015625 0.45 0.8046875 0.45546875 0.8046875 0.47890625
0 0.6875 0.27109375 0.703125 0.25703125 0.69921875 0.240625 0.68203125 0.2421875 0.671875 0.25078125 0.675 0.26796875 0.6875 0.27109375
0 0.67109375 0.2734375 0.6703125 0.28984375 0.6828125 0.29296875 0.684375 0.27734375 0.67109375 0.2734375
0 0.3984375 0.99609375 0.78828125 1 0.79296875 0.9953125 0.79921875 0.9984375 0.80078125 0.9875 0.80546875 0.9921875 0.81953125 0.9875 0.81953125 0.9984375 0.8578125 0.99921875 0.8625 0.80546875 0.8921875 0.43984375 0.9171875 0.23203125 0.96875 0.00234375 0.41640625 0 0.3984375 0.99609375
0 0.7703125 0.26953125 0.77734375 0.2765625 0.7890625 0.27578125 0.796875 0.27265625 0.8 0.25390625 0.79140625 0.2453125 0.77890625 0.24375 0.7703125 0.25078125 0.7703125 0.26953125
0 0.64375 0.08203125 0.63359375 0.0640625 0.6140625 0.07578125 0.6171875 0.09609375 0.63125 0.09765625 0.64375 0.08203125
0 0.5578125 0.10078125 0.54765625 0.0921875 0.5296875 0.09765625 0.53359375 0.1078125 0.5515625 0.11015625 0.5578125 0.10078125
0 0.475 0.39921875 0.46796875 0.3875 0.46171875 0.3875 0.459375 0.40703125 0.471875 0.41484375 0.475 0.39921875
0 0.1234375 0.65546875 0.11484375 0.646875 0.109375 0.65078125 0.109375 0.66484375 0.1171875 0.66640625 0.1234375 0.65546875
0 0.06328125 0.9859375 0.0546875 0.99609375 0.090625 0.99921875 0.08203125 0.984375 0.06328125 0.9859375