0 0.49391355625 0.4 0.4952830796875 0.3953850875 0.5210409140625 0.379346184375 0.5504581234375 0.3474221546875 0.5652436187500001 0.3425093671875 0.5676082453125 0.3086936359375 0.5586458390625 0.291076384375 0.5598281515625 0.27416851875 0.554442440625 0.26614616875 0.526840040625 0.2599683875 0.5272774171875 0.2294159984375 0.5123381421875 0.21223032812499998 0.49047614843750004 0.209002534375 0.44836026562500003 0.2281452078125 0.415644165625 0.2343527453125 0.383631659375 0.266944821875 0.3691209390625 0.4 0.49391355625 0.4
0 0.2608243671875 0.0672137171875 0.26888226406250004 0.085617246875 0.2756454109375 0.086090171875 0.28850365624999996 0.084440728125 0.3085210828125 0.06545183437499999 0.3196885421875 0.0636841578125 0.32748022187500003 0.0251507609375 0.312422715625 0.0096558796875 0.285760375 0.026481060937500002 0.25383055 0.0335931078125 0.2504018421875 0.0826259171875 0.25716498906249996 0.0830988421875 0.2608243671875 0.0672137171875
0 0.3787485078125 0 0.3914580984375 0.00923588125 0.393547315625 0 0.3787485078125 0
0 0.516360896875 0 0.5160678296875 0.0009589031249999999 0.527548640625 0.00685888125 0.529022828125 0 0.516360896875 0
0 0.6 0 0.6 0.4 0.6517728046875 0.4 0.674202684375 0 0.6 0
0 0 1 0.4661946640625 1 0.3636030296875 0.9548132218750001 0.3636784328125 0.8342716828124999 0.3159619515625 0.7849368968749999 0.29654961874999997 0.7788210281250001 0.3034682203125 0.56041719375 0.28440586093750003 0.5194306671875 0.206094284375 0.5044377359375 0.16205512187499999 0.5219780671875001 0.1517553546875 0.549808396875 0.1363029703125 0.7707877765625 0.0851460390625 0.8005195203125 0.0476996859375 0.858174421875 0.0568499515625 0.831849853125 0.11136387031249999 0.7690438640625 0.1122468625 0.7564164703125 0.0597950828125 0.6702692875 0.0213580921875 0.5628961234375 0.0025999453125 0.47276046093749996 0 0.4664141546875 0 1
0 0.8639649921875 0.4 0.8710675484374999 0.4237538734375 0.8883838078125 0.43029688125 0.905193015625 0.4567999515625 0.9130225609375 0.4973384796875 0.9044759906250001 0.568724703125 0.9096461734375 0.58374961875 0.9194669531249999 0.58310331875 0.922039203125 0.44464760625000005 0.9116471390625 0.4 0.8639649921875 0.4
0 0.8693119687499999 0.6649103453125 0.86838435625 0.6781758234374999 0.9028313546875001 0.6939149359375 0.91139045625 0.673184896875 0.9108213562499999 0.6304879999999999 0.9019281890624999 0.6178688187500001 0.8693119687499999 0.6649103453125
0 0.8206286296874999 0.67483641875 0.8191444499999999 0.696061184375 0.8332942937500001 0.6970506375 0.8426945140625 0.689709759375 0.8403566843749999 0.64688918125 0.8261573249999999 0.6338989546875 0.8118219578125 0.635562596875 0.8065652796875 0.647192325 0.8206286296874999 0.67483641875
0 0.8039184500000001 0.67233489375 0.7811599890625 0.6800747078125 0.779675809375 0.701299475 0.791685878125 0.7074714390625 0.8049946046875001 0.69507173125 0.8039184500000001 0.67233489375
0 0.8172635406250001 0.43065580625 0.799811271875 0.43876666562500005 0.8047959312499999 0.456444675 0.8161999187500001 0.4585751546875 0.82280476875 0.440374528125 0.8172635406250001 0.43065580625