0 0.13766559843749998 0.12348744062499999 0.1582860515625 0.1050741609375 0.1603324578125 0.0963454453125 0.151577678125 0.0828200625 0.1350500375 0.0837759171875 0.12639951875 0.11616644062499999 0.13766559843749998 0.12348744062499999
0 0.1285458140625 0.2525325109375 0.1497093578125 0.27108049375 0.163234740625 0.2623257125 0.17346676875 0.21868214375 0.1752611796875 0.20008203125000001 0.1694956265625 0.1886160875 0.1362535125 0.20935383437500002 0.1271120359375 0.22774104843749998 0.1285458140625 0.2525325109375
0 0.49916213281250005 0.0824899578125 0.4853717203125 0.07563385156249999 0.47001283125000004 0.085770278125 0.46202707031249995 0.10759858124999999 0.4781810484375 0.1442948125 0.4613058078125 0.1943817296875 0.46352164062499995 0.2602663625 0.46928719374999994 0.27173230625 0.4862797296875 0.27330078593749996 0.4995270484375 0.24319563125000002 0.4964987265625 0.2239177265625 0.505336075 0.17270116093750001 0.49239725312499993 0.1364567875 0.502868246875 0.096945128125 0.49916213281250005 0.0824899578125
0 0.56029348125 0.31239102500000004 0.5731019749999999 0.2912405140625 0.5750832171875 0.2538143578125 0.5406593203125001 0.25963204375000004 0.5297104015625 0.2908798828125 0.540550684375 0.312895015625 0.56029348125 0.31239102500000004
0 0.6220446625 0 0.6197609234375 0.011734834375 0.6287416343750001 0.0236526375 0.6399946796875 0.02523415 0.6480065046875 0.014884824999999999 0.6495391640625 0 0.6220446625 0
0 0.325517015625 0 0.3171625890625 0.0069120125 0.313599834375 0.055591214062500005 0.3182096703125 0.0636160703125 0.3432270625 0.0605747140625 0.35603555625 0.0394242046875 0.3587336875 0.0143937796875 0.3452569203125 0 0.325517015625 0
0 0.0235077453125 0 0.014190590624999999 0.039741275 0.0319130484375 0.059444975 0.0809659140625 0.02535564375 0.081404740625 0.016401 0.0662647203125 0 0.0235077453125 0
0 0.5475501515625 0.362238975 0.5654724734375 0.3688561203125 0.5989796171874999 0.363729259375 0.6113492828125 0.35153339375 0.6216073765625 0.3193688 0.6190309140625 0.2968757390625 0.6068350484375 0.284506075 0.5837423937499999 0.3263422015625 0.5465943 0.345711334375 0.5475501515625 0.362238975
0 1 0 0.784433840625 0 0.78318085 0.0560374625 0.8076511656250001 0.0743854125 1 0.101418278125 1 0
0 0.2249751921875 1 0.24218953281250002 0.9946254953124999 0.249929728125 0.9742627234375 0.2752136890625 0.9679158812499999 0.280334525 0.9488350265625 0.3056184859375 0.9424881859374998 0.3081199625 0.9246892500000001 0.3360232828125 0.9170604906250001 0.3359054015625 0.9005434734375001 0.3666554859375 0.8900147109375001 0.3720037296875 0.8693157718750001 0.39466833281249997 0.8642508484375 0.3997891671875 0.8451699937499999 0.4279198953125 0.83592315 0.435660090625 0.815560378125 0.45832469218750005 0.8104954531249999 0.463445528125 0.7914146000000001 0.4861101296875 0.7863496765625 0.49123096562499996 0.767268821875 0.5167423328125 0.759303896875 0.5247099359375 0.7373230390625001 0.5473745375 0.732258115625 0.551813153125 0.7180315171875 0.5753873828125 0.706494253125 0.5833549859375 0.6845133953125 0.5992985453124999 0.6752038015624999 0.6132418484375 0.6367373015625 0.6172804125 0.6166793203125 0.5934156578125 0.6042501 0.4970089546875 0.6393773515625 0.4897235734375 0.6565039546875 0.46421220625000004 0.6644688796875 0.45931877656250003 0.6819316484375 0.43380740937500006 0.689896575 0.42845916562499997 0.7105955156249999 0.406021971875 0.7140423531250001 0.39805436875 0.736023209375 0.3753897671875 0.7410881328125 0.3704963375 0.7585509015625 0.3447575640625 0.7681339140625 0.340091540625 0.7839785984375001 0.3117334078125 0.7948435265625 0.31230610312499996 0.808124375 0.2837205625 0.820607390625 0.2788271328125 0.8380701593750001 0.2528609515625 0.8492712546875 0.247967521875 0.8667340234375001 0.22507551406249998 0.8734170328124999 0.2199546765625 0.8924978875 0.1972900765625 0.897562809375 0.18954987968749998 0.9179255812499999 0.1642659203125 0.9242724234375 0.16199185 0.9404532734375 0.1357982609375 0.95327245625 0.08191390312499999 1 0.2249751921875 1
0 1 0.7536199953125 0.9215171359375001 0.7286086515625 0.807481925 0.7066650890625 0.717504140625 0.6802132999999999 0.6796875 0.6594646531249999 0.6796875 0.8183924328125001 0.78324404375 0.8235701656250001 0.8436822703125 0.8379811625 0.981669071875 0.8376507484375001 1 0.8397715953125001 1 0.7536199953125