0 0.26171875 0.6734375 0.2578125 0.68515625 0.26875 0.68984375 0.2734375 0.67890625 0.26171875 0.6734375
0 0.378125 0.72578125 0.38203125 0.7375 0.390625 0.73671875 0.38828125 0.7234375 0.378125 0.72578125
0 0.875 0.90234375 0.87109375 0.890625 0.8578125 0.89921875 0.8609375 0.91015625 0.86875 0.91015625 0.875 0.90234375
0 0.8578125 0.60078125 0.8640625 0.55390625 0.859375 0.50390625 0.86875 0.47890625 0.86015625 0.4703125 0.853125 0.52109375 0.84609375 0.521875 0.83203125 0.5015625 0.81796875 0.50625 0.8125 0.53515625 0.7984375 0.56015625 0.8 0.59453125 0.7921875 0.62109375 0.80703125 0.5984375 0.8171875 0.60390625 0.8125 0.62421875 0.81875 0.66015625 0.8125 0.69609375 0.821875 0.68046875 0.828125 0.61484375 0.85234375 0.6078125 0.8546875 0.62109375 0.8609375 0.62109375 0.8578125 0.60078125
0 0.8828125 0.31015625 0.878125 0.36640625 0.8546875 0.39296875 0.86640625 0.4078125 0.8765625 0.40859375 0.8953125 0.39140625 0.9046875 0.35546875 0.8984375 0.33515625 0.903125 0.31328125 0.88984375 0.30625 0.8828125 0.31015625
0 0.9375 0.15234375 0.9359375 0.14296875 0.92578125 0.1359375 0.925 0.21328125 0.9390625 0.22578125 0.9375 0.15234375
0 0.37421875 0.4453125 0.3734375 0.45234375 0.384375 0.45859375 0.3921875 0.44609375 0.37421875 0.4453125
0 0.7078125 0.76640625 0.70390625 0.753125 0.678125 0.76328125 0.68203125 0.771875 0.69375 0.77421875 0.7078125 0.76640625
0 0.7890625 0.91328125 0.7890625 0.90234375 0.77578125 0.8921875 0.7671875 0.91484375 0.78125 0.91953125 0.7890625 0.91328125
0 0.27890625 0.978125 0.2734375 0.99765625 0.2890625 0.99921875 0.2921875 0.98671875 0.27890625 0.978125
0 0.05 0.93515625 0.03984375 0.9296875 0.034375 0.93828125 0.0375 0.94453125 0.0484375 0.94609375 0.05 0.93515625