0 0.4984375 0.43046875 0.51875 0.41328125 0.51328125 0.4015625 0.48125 0.40546875 0.478125 0.42109375 0.48984375 0.43125 0.4984375 0.43046875
0 0.5765625 0.45234375 0.58671875 0.459375 0.6046875 0.46015625 0.64765625 0.45625 0.6578125 0.44453125 0.64296875 0.421875 0.61953125 0.4171875 0.60078125 0.4234375 0.5765625 0.45234375
0 0.46015625 0.7203125 0.43828125 0.725 0.4265625 0.73828125 0.43125 0.75234375 0.44453125 0.7578125 0.48359375 0.753125 0.51640625 0.7703125 0.56640625 0.76875 0.584375 0.77421875 0.61484375 0.765625 0.615625 0.74921875 0.60546875 0.7421875 0.54296875 0.73125 0.49296875 0.740625 0.46015625 0.7203125
0 0.6203125 0.85078125 0.6421875 0.84140625 0.6453125 0.82265625 0.62578125 0.809375 0.59453125 0.815625 0.584375 0.84765625 0.6203125 0.85078125
0 0.46640625 0.9671875 0.4765625 0.96796875 0.4859375 0.96328125 0.4921875 0.94296875 0.48515625 0.9359375 0.46640625 0.934375 0.45 0.95078125 0.46640625 0.9671875
0 0.2328125 0.73203125 0.22109375 0.7203125 0.20078125 0.721875 0.1875 0.74140625 0.203125 0.75390625 0.18984375 0.7703125 0.16171875 0.7765625 0.15625 0.78359375 0.16171875 0.796875 0.1734375 0.79765625 0.18984375 0.7953125 0.20078125 0.784375 0.2359375 0.76953125 0.2375 0.76171875 0.2265625 0.74765625 0.2328125 0.73203125
0 0.028125 0.86953125 0.04453125 0.8640625 0.0578125 0.84921875 0.04140625 0.8328125 0 0.84453125 0.00234375 0.8671875 0.028125 0.86953125
0 0.23046875 0.8609375 0.28125 0.86328125 0.290625 0.83984375 0.26953125 0.8203125 0.24453125 0.8234375 0.240625 0.83671875 0.2265625 0.84765625 0.23046875 0.8609375
0 0.32578125 0.884375 0.346875 0.88515625 0.3578125 0.87890625 0.3578125 0.86796875 0.34765625 0.8578125 0.31796875 0.859375 0.3078125 0.86640625 0.32578125 0.884375
0 0.38515625 0.609375 0.409375 0.61015625 0.43125 0.60078125 0.4375 0.57734375 0.43046875 0.571875 0.38359375 0.56875 0.365625 0.58515625 0.38515625 0.609375
0 0.41015625 0.328125 0.42421875 0.3453125 0.4328125 0.34609375 0.471875 0.30390625 0.45546875 0.284375 0.40390625 0.2890625 0.3875 0.30703125 0.39609375 0.325 0.41015625 0.328125
0 0.20234375 0.115625 0.14921875 0.1359375 0.06015625 0.140625 0.0546875 0.14609375 0.0671875 0.15546875 0.0828125 0.18203125 0.09296875 0.1921875 0.103125 0.19140625 0.17734375 0.1734375 0.20078125 0.1734375 0.2375 0.15078125 0.2359375 0.12734375 0.21953125 0.1171875 0.20234375 0.115625
0 0.3046875 0.18515625 0.3015625 0.20546875 0.3046875 0.22265625 0.32578125 0.2484375 0.33125 0.24765625 0.34921875 0.2421875 0.3640625 0.21953125 0.3453125 0.17421875 0.33359375 0.1640625 0.31953125 0.1625 0.3046875 0.18515625
0 0.6 0.11640625 0.63125 0.12265625 0.628125 0.15390625 0.640625 0.15859375 0.65 0.13984375 0.6515625 0.09609375 0.62890625 0.0859375 0.60234375 0.0875 0.5953125 0.09609375 0.6 0.11640625
0 0.73515625 0.3 0.759375 0.30546875 0.7890625 0.29296875 0.78203125 0.2625 0.74921875 0.2609375 0.728125 0.27578125 0.7265625 0.29140625 0.73515625 0.3
0 0.77890625 0.046875 0.815625 0.06015625 0.834375 0.05546875 0.8421875 0.03671875 0.83515625 0.0234375 0.80234375 0.0171875 0.7765625 0.03203125 0.77890625 0.046875
0 0.9390625 0.11484375 0.934375 0.13515625 0.9515625 0.13828125 0.99921875 0.128125 1 0.09296875 0.97578125 0.08125 0.93828125 0.0953125 0.93125 0.10546875 0.9390625 0.11484375
0 0.94375 0.05546875 0.9515625 0.04453125 0.953125 0.02578125 0.93203125 0.021875 0.9234375 0.03984375 0.93515625 0.05625 0.94375 0.05546875
0 0.98125 0.60390625 0.9796875 0.61796875 1 0.62578125 0.99609375 0.590625 0.98125 0.60390625
0 0.18046875 0.5546875 0.1953125 0.55390625 0.22421875 0.5453125 0.24375 0.51484375 0.19140625 0.5046875 0.15 0.52734375 0.16015625 0.54375 0.18046875 0.5546875
0 0.65234375 0.865625 0.609375 0.88203125 0.61953125 0.8953125 0.640625 0.90078125 0.67265625 0.8953125 0.6859375 0.88515625 0.6953125 0.85390625 0.69140625 0.8359375 0.67578125 0.8328125 0.65234375 0.865625
0 0.1671875 0.62734375 0.1765625 0.61328125 0.17109375 0.6046875 0.13671875 0.6 0.1234375 0.61015625 0.13828125 0.6234375 0.1671875 0.62734375