0 0.1850233359375 0 0.184590803125 0.008628037500000001 0.1653703078125 0.012145471875 0.1610780625 0.0217884515625 0.1707210421875 0.026080696874999997 0.21472739375 0.01529194375 0.23927680312500002 0.021675757812499998 0.26343701249999996 0.013476878125 0.27776143593749997 0.0227088390625 0.29514863281250003 0.024476675 0.304122321875 0.019773409375000002 0.3432544234375 0.025768025 0.360296065625 0.0210211171875 0.4177211015625 0.0241239453125 0.47756144218749996 0.014801115625 0.4911753421875 0 0.24956784375000002 0 0.24971641562500002 0.0011385046875 0.2468437609375 0 0.1850233359375 0
0 0.48533823906249995 0.19039726875000001 0.5045369140625 0.182845859375 0.5302939734375001 0.18301684375 0.539893309375 0.17924113749999998 0.5382746390625 0.1668372984375 0.579003590625 0.1812017796875 0.600101028125 0.1804670265625 0.6186740546875 0.1719880546875 0.6174009390624999 0.16609895937500002 0.587544440625 0.15384786875 0.5815462359375 0.134951109375 0.541464753125 0.1255481625 0.5349063671875001 0.1178257671875 0.49266785 0.1112273265625 0.46870044687499995 0.09770311875 0.42529791875 0.10538545937499999 0.4409609234375 0.132608440625 0.439669571875 0.18071423281250001 0.44404910312499996 0.1872071546875 0.48533823906249995 0.19039726875000001
0 0.1088363609375 0.11640677031249999 0.111964596875 0.12104457187499999 0.12281522812500001 0.1191239875 0.118435696875 0.112631065625 0.13826001875 0.106007215625 0.128315125 0.103268178125 0.1267182765625 0.0948983125 0.12115291406249999 0.098652196875 0.12078553750000001 0.0881034796875 0.115543909375 0.09433813125 0.103096428125 0.08788885156250001 0.10068112343749999 0.10031451250000001 0.115005546875 0.109546471875 0.1088363609375 0.11640677031249999
0 0.23440972499999999 0.1545168546875 0.2484104140625 0.1612680484375 0.2541467609375 0.131757103125 0.26622686406249996 0.1276576625 0.2674345171875 0.1214448328125 0.240793540625 0.129967446875 0.226189025 0.12632266875 0.22351545 0.1483694875 0.2288443625 0.1582707390625 0.23440972499999999 0.1545168546875
0 0.1339459515625 0.1116162203125 0.133731325 0.129305328125 0.148703215625 0.143498825 0.1372924015625 0.156593775 0.13230904375000002 0.15320726875 0.13765977812500002 0.16714249375 0.15485416875 0.19063341250000002 0.1719830953125 0.20202240625 0.2132285875 0.197144571875 0.2296009390625 0.1834021515625 0.21984885312500002 0.15894002812500002 0.22062366249999998 0.130076553125 0.208456271875 0.11804009062500001 0.175213265625 0.11077235781250001 0.16313316093750002 0.11487179843749999 0.1485068234375 0.107193046875 0.14419275781250002 0.1128020515625 0.1339459515625 0.1116162203125
0 0.88707815 0.46228682499999996 0.8869013640624999 0.4860820921875 0.8965019765625 0.4939056703125 0.8786485031249999 0.5857538265625 0.8868985078125 0.5948042250000001 0.8969990640625 0.5714485921875 0.9199593640625 0.550592640625 0.9303526625 0.560059653125 0.937867959375 0.595775571875 0.96079784375 0.615126209375 0.9827031359374999 0.519597590625 0.9678768874999999 0.49288602812500004 0.9842609437500001 0.4543689140625 0.9687304031250001 0.41411628437500003 0.958806634375 0.4136766515625 0.949264 0.4341620296875 0.9385475453125001 0.4320789609375 0.9265688796875 0.41932508281249997 0.9285658 0.4033303734375 0.9149133703124999 0.39918725781250003 0.897209121875 0.39872460468750004 0.8927457546875001 0.42168664375000003 0.8898677562499999 0.4479355515625 0.9000262890625 0.4528888734375 0.88707815 0.46228682499999996
0 0.8518532546875001 0 0.8496261796875 0.014158740625 0.827193384375 0.072351025 0.8197636234375001 0.13345960625 0.7842059031249999 0.22484511093749998 0.753431853125 0.3946067640625 0.7188131875 0.504047025 0.710444371875 0.5471008484375 0.7208956468750001 0.5848768171875001 0.71839878125 0.632050734375 0.706948928125 0.6796875 0.742343684375 0.6796875 0.7750358375 0.5924219 0.818642071875 0.35664438125000003 0.8484162328125 0.24924114843749998 0.859928228125 0.1442455171875 0.8819798890625 0.0651282203125 0.8777817015625 0.052397360937500005 0.8879667171874999 0 0.8518532546875001 0
0 1 0 0.9451028515625 0 0.9141235406250001 0.2888216890625 0.9313002828125001 0.251948009375 0.9805959718749999 0.261530121875 0.982708846875 0.302153321875 1 0.3315922 1 0
0 0.8850168078125 0.6796875 0.878728534375 0.648321675 0.8764293656250001 0.6274613265625 0.8665643656249999 0.5932224515625 0.8545188578125 0.5636632015624999 0.84494129375 0.573709353125 0.83234615 0.6188924171875 0.8262922734375 0.6500369109374999 0.825373046875 0.6796875 0.8850168078125 0.6796875
0 0.344208284375 0.6796875 0.3380850421875 0.713784459375 0.34101467812499997 0.7279368125000001 0.29086431875 0.75214579375 0.27313898281250004 0.8335933953125 0.2795925359375 0.863711478125 0.309296684375 0.8813704078125 0.2840224921875 0.9919121609375001 0.283186465625 1 0.379423503125 1 0.396240775 0.9016663484375 0.44401402343749996 0.870203859375 0.45991477343750004 0.7884015953125 0.45100060312499995 0.7612009390625001 0.43275474531249997 0.757654303125 0.429314334375 0.7315176375 0.4393890921875 0.6796875 0.344208284375 0.6796875
0 0.61875 0.6796875 0.61875 0.9946258546875001 0.6463975843750001 1 1 1 1 0.6796875 0.989146659375 0.6796875 0.9853171640625 0.6846664796875 0.9296707218750001 0.8382630437499999 0.9041755171875 0.8864997640624999 0.8754211484375001 0.9058948296875 0.8614422812499999 0.9031776125000001 0.8448953593749999 0.8846482296874999 0.8408796187500001 0.8306751640625001 0.857720975 0.6796875 0.7705160906249999 0.6796875 0.7292633015625001 0.7912483203125 0.7040263687499999 0.82986388125 0.6761777390625 0.8445993250000001 0.65253406875 0.8335558875 0.6406467703125001 0.8159322421875 0.6349068390625 0.7874143234375 0.6416798515625 0.777447609375 0.649648159375 0.6796875 0.61875 0.6796875