0 0.024360424999999998 0 0.0136492046875 0.0144273296875 0 0.041716237499999996 0 0.10473990312499999 0.0028785671874999997 0.10416894531250001 0.0596101390625 0.1151188859375 0.11984576875 0.05453228125 0.1333670046875 0.021524146875 0.12334601249999999 0.0103968125 0.10030555781249999 0 0.024360424999999998 0
0 0.4390625 0.31875 1 0.31875 1 0 0.6847644890625 0 0.4390625 0.043323890625 0.4390625 0.31875
0 0.4390625 0.78215916875 0 0.8832311390625 0 1 0.08526249218750001 1 0.3050403453125 0.9465548187499999 0.4390625 0.911266415625 0.4390625 0.78215916875
0 0.4390625 0.6275957437499999 0.3918845015625 0.6346728078125 0.34140186093749997 0.6500214124999999 0.23115188125000002 0.66462609375 0.17230204375 0.678226484375 0.14839358125 0.688889346875 0.14728914531249998 0.696337134375 0.1652185828125 0.7020405265624999 0.2049420328125 0.694230315625 0.20466258437499998 0.7200682031250001 0.22065305781250003 0.7833319703125 0.2255257390625 0.7881140453125 0.2567894765625 0.7826014046875 0.4390625 0.7404267390625 0.4390625 0.6275957437499999
0 0.4390625 0.529701503125 0.250567259375 0.5644953421875 0.1960388359375 0.5797514343750001 0.21718525312499998 0.5945583156250001 0.24201121718750002 0.5982397703125001 0.38260361875000004 0.5911792078125 0.3977710125 0.622352340625 0.4390625 0.6156533546875 0.4390625 0.529701503125
0 0.4390625 0.42206769062500005 0.31311 0.44386576718750004 0.29481050937500003 0.45434550937499996 0.30446144531249997 0.48165597812499994 0.32027643281249996 0.48450862812499995 0.4390625 0.46394009531249997 0.4390625 0.42206769062500005
0 0 0.5408428953125 0.0357764171875 0.5346736578125 0.045249959374999996 0.5152735453125 0.091779328125 0.49578664375 0.092976278125 0.4842930703125 0.068701578125 0.483737990625 0 0.496300771875 0 0.5408428953125
0 0.4390625 0.354277040625 0.29316625625000003 0.3764637046875 0.122778884375 0.40650759531249997 0.11726051875000001 0.4163454671875 0.11974120625 0.43041414843750003 0.12746462812499998 0.4330817734375 0.4390625 0.383757871875 0.4390625 0.354277040625
0 0.4390625 0.38554295625 0.2627255984375 0.41406697968749995 0.2452530015625 0.42923628125 0.24856058593750002 0.44799452500000003 0.34097173281250004 0.4373412046875 0.4390625 0.42004515624999994 0.4390625 0.38554295625
0 0.3279679609375 0.31875 0.3171729578125 0.32065345 0.314505334375 0.32837687187500003 0.320297421875 0.3338027234375 0.30861882343749997 0.340697340625 0.3124795796875 0.34888141875 0.3568000765625 0.344290096875 0.4390625 0.3322100828125 0.4390625 0.31875 0.40000363906249997 0.31875 0.3740895546875 0.32351182500000003 0.3659979875 0.323326796875 0.3642126546875 0.31875 0.3279679609375 0.31875
0 0.4992525171875 0.31875 0.5067739953125 0.3590570265625 0.5160997859374999 0.3848673546875 0.51879635 0.41821290468749994 0.525051765625 0.43262779062500006 0.5498235328125001 0.5460366140625 0.556517034375 0.5659447734375 0.5598427906250001 0.5908235968750001 0.5625431234375 0.5971116609375 0.5777719421875 0.668434775 0.5812337875 0.6940853921875 0.5834578125000001 0.69767218125 0.586035084375 0.71830614375 0.5954801671875 0.756828059375 0.600432034375 0.7593370140625 0.6179260078125 0.7562523546875 0.6568260484375 0.7481995453125 0.7081129984375 0.735177328125 0.7120250953125 0.7332938343750001 0.7146550703125 0.7286522093750001 0.7133216984375 0.71356838125 0.6909291546875 0.6031221406249999 0.6757898046874999 0.5413327156250001 0.670631490625 0.527122278125 0.6668508515625 0.508689971875 0.6675779109375 0.5037870390625 0.6361890812500001 0.3648860546875 0.6285727890625 0.342753240625 0.624966459375 0.322300728125 0.62222790625 0.318804665625 0.6222393281249999 0.31875 0.4992525171875 0.31875