0 0.6842850828125 0.5 0.5399923937500001 0.391527296875 0.49723771406249995 0.39616488125 0.4890705859375 0.3874507 0.48495426249999996 0.35336189375 0.44776603593750003 0.325104553125 0.42504750625 0.330561053125 0.40842985 0.38136130625 0.41035993125000003 0.4245392640625 0.428357059375 0.44602624375 0.504127515625 0.5 0.6842850828125 0.5
0 1 0.3388444140625 0.9897343453125 0.3528427203125 0.935165115625 0.333452559375 0.8041097562499999 0.41748675156250004 0.793260246875 0.415047984375 0.7751158953124999 0.3819820875 0.7493933046875 0.386517675 0.7298260578125 0.4044740015625 0.71976713125 0.42800680468749996 0.7238834546875 0.46209561250000003 0.7353063328125 0.5 0.9314057765625 0.5 1 0.46084492031249996 1 0.3388444140625
0 1 0.21491830625000002 0.9646330171875 0.188998065625 0.9550974609375 0.19938309999999998 0.9412438906249999 0.1960234203125 0.6897367984375 0.0213288796875 0.67436758125 0.025489496875 0.6604323062499999 0.070014334375 0.6635563546875 0.0984756703125 0.6792200171875 0.117472884375 0.9230561187500002 0.28626698125 0.9440300734375 0.3246363796875 0.9717099796875001 0.347317246875 0.9910755359374999 0.3497050140625 1 0.3369140921875 1 0.21491830625000002
0 0.53264308125 0.392823178125 0.5457060703125001 0.3702112890625 0.817025521875 0.3832959453125 0.836739990625 0.376918534375 0.8427753484375 0.36279885312500004 0.837519525 0.3115036578125 0.8218558609375 0.2925064421875 0.5398613578125 0.27260042812499996 0.5141932359375 0.24521300156249998 0.49231975937500005 0.24471805781249997 0.4786134125 0.25293729531250003 0.4782100265625 0.2936254875 0.4904117765625 0.38431299218750004 0.4990750421875 0.39584091093749996 0.53264308125 0.392823178125
0 0.5367373093750001 0.24413909218750002 0.5511414875 0.21838949687500003 0.5898725953125 0.22316503281250002 0.7936525828125001 0.28297334687500003 0.8106846718749999 0.28287134687500004 0.8220847890625 0.2562008390625 0.8216431203125001 0.221464090625 0.764271521875 0.1808089203125 0.5771747078125 0.1296637890625 0.5484752921875 0.1173169578125 0.52966034375 0.0858199140625 0.5128027140625 0.0815393203125 0.4951000296875 0.083210171875 0.4863278234375 0.1355282796875 0.4910330375 0.21593275156249997 0.5053555109375 0.238067675 0.5367373093750001 0.24413909218750002
0 0.07654375937499999 0.8019705671875 0.11131441718749999 0.8212252281250001 0.1445265171875 0.8046803375 0.1535599125 0.7750296656250001 0.14208669062499998 0.742314425 0.12459120312500001 0.7293663 0.0985439765625 0.5816451375 0.0828926984375 0.5683718265625 0.0692896125 0.57210650625 0.061659789062500005 0.588148815625 0.0835616296875 0.7339287453125 0.066457775 0.7663385453125 0.07654375937499999 0.8019705671875
0 0.3890625 0.64238183125 0.3683288125 0.639625715625 0.3226642171875 0.6610384921875 0.329535084375 0.6892209015625 0.3643220734375 0.69778398125 0.360380671875 0.7131759203125 0.183295934375 0.6201445859375 0.17130040625 0.627604071875 0.165718778125 0.66065436875 0.3474058703125 0.7582185328125 0.3517389078125 0.7881845171874999 0.3643953890625 0.8006498015625001 0.3890625 0.759035053125 0.3890625 0.718575875 0.382527515625 0.698582134375 0.3890625 0.699178659375 0.3890625 0.64238183125
0 0.2601524890625 0.5 0.2870776234375 0.5724511453125001 0.275963365625 0.60647699375 0.2786888453125 0.6327181703125 0.29271623281250003 0.652958253125 0.33142829375 0.656820975 0.35357513749999997 0.6422271859375 0.366296953125 0.611926146875 0.3649423796875 0.5934597671875 0.34721024218749996 0.5845616328125 0.3262793203125 0.5575223031250001 0.304902215625 0.5 0.2601524890625 0.5
0 0.430989853125 0.8528724671875001 0.44384359843750004 0.8424434125 0.4720598140625 0.8635884296875 0.494784259375 0.8628465343749999 0.4966486609375 0.8502739 0.4838026484375 0.8051959578125001 0.48026511562500007 0.7943920906249999 0.47151112343749996 0.7910380984375001 0.45688861249999996 0.7960652203125 0.4493431 0.808823328125 0.40771091875 0.8226942796875001 0.4115256953125 0.8489581890625001 0.430989853125 0.8528724671875001
0 1 0.7116209296875 0.9827271 0.7090595234375 0.9411866906250002 0.7327094046875 0.9469576390625001 0.7561796109375 0.9653031562500001 0.76763746875 0.9823426234374999 0.794834546875 0.9971506078125 0.7954885375 1 0.791419184375 1 0.7116209296875
0 0.643330684375 0.8627740921875 0.6821672296875001 0.860823715625 0.722682703125 0.840619596875 0.7381408109375001 0.8542191015625 0.761611015625 0.8484481515625 0.7661754203125 0.841929509375 0.7623587109375001 0.8295423484375 0.7310696125 0.8048578656250001 0.7006161109375 0.7988000093750001 0.650509115625 0.8109002625 0.6218243828125 0.8102443375 0.5980730671875 0.8283087453124999 0.5975127796875 0.8390189109375001 0.6077563609375 0.84619154375 0.6304808062499999 0.8454496484374999 0.643330684375 0.8627740921875
0 0.8449710140625001 0.80273168125 0.8665768203125002 0.809533365625 0.8682518828125 0.81903311875 0.8827787546875001 0.8319805671875 0.911278015625 0.826955378125 0.9205082546875001 0.7543132765625 0.8993690359375 0.74089924375 0.8551305578124999 0.7446183859375 0.779876359375 0.766866584375 0.7696289125 0.7874474499999999 0.7818248015625 0.8195798765625 0.794397434375 0.8214442796875 0.8449710140625001 0.80273168125