0 0.486234521875 0.3796875 0.5013230453124999 0.3513754875 0.521807575 0.3400462359375 0.5324104875 0.3252233109375 0.5336133265624999 0.3018455203125 0.556505546875 0.265210309375 0.5649375078125 0.23026350624999997 0.5584276703125 0.20206630312499999 0.4838355359375 0.1970121640625 0.47359025 0.1705023578125 0.45527264375 0.1590562484375 0.3640533265625 0.17846588125 0.3263351578125 0.17232374687500002 0.289220425 0.1759423390625 0.2704222890625 0.18028222968750002 0.25644558281249996 0.198359065625 0.23957561562500002 0.20390381249999998 0.1806475875 0.18450828749999998 0.1637776203125 0.1900530328125 0.1536572515625 0.2105395765625 0.1020842734375 0.23729619531249999 0.0441233515625 0.2506775296875 0.038219971874999994 0.26441548125000003 0.036657490625 0.3076763796875 0.0448557359375 0.35033384375 0.0587361703125 0.3796875 0.486234521875 0.3796875
0 0.1161899296875 0.3091149484375 0.1148631796875 0.2962212 0.1031732765625 0.2848949703125 0.10064368906250001 0.2953790125 0.088231478125 0.2916445703125 0.0730489109375 0.300924765625 0.086304315625 0.3011645265625 0.091125746875 0.314901471875 0.096789365625 0.31441892656250003 0.09353545468749999 0.3110451328125 0.10209031875 0.3016450578125 0.1093214578125 0.31152566406250004 0.1161899296875 0.3091149484375
0 0.094251715625 0.239104484375 0.046894717187500004 0.2483877015625 0.0396655953125 0.2599567171875 0.0338810890625 0.2563421546875 0.0385836453125 0.2874316140625 0.027737946875000002 0.2833355140625 0.042320103125 0.2964690234375 0.0482214671875 0.26128144999999997 0.12341401249999999 0.2439218828125 0.1281125390625 0.23211210000000002 0.11943577812499999 0.2266902578125 0.094251715625 0.239104484375
0 0.0236448703125 0.3263556421875 0.00909985 0.331250396875 0.0184356484375 0.3716881796875 0.0328061921875 0.3588907234375 0.044254317187499996 0.36202273906250004 0.0301506765625 0.31165360625 0.0236448703125 0.3263556421875
0 0.069697628125 0 0.059163871874999996 0.0120792109375 0.0670004578125 0.05317016249999999 0.0958010984375 0.056421051562500005 0.1120686375 0.051840390624999996 0.1227914328125 0.0303897625 0.1099756609375 0 0.069697628125 0
0 0.5890625 0.3796875 0.7980744890625 0.3796875 0.7631927765625 0.24208819374999999 0.6884605125000001 0.21952797500000001 0.6763240546875 0.1382791296875 0.658786315625 0.126845 0.5890625 0.14050750781250002 0.5890625 0.3796875
0 0.7131566296875 0.061207928125 0.7130719890625 0.125371475 0.68334565 0.154352965625 0.7000634109374999 0.2124255109375 0.7612535421875 0.2336884515625 0.788136028125 0.3071091828125 0.90563570625 0.27113479687500003 0.8808942328124999 0.135287628125 0.834450134375 0.106196571875 0.8115632515625 0.04291269375 0.7131566296875 0.061207928125
0 0.5890625 1 0.5890625 0.8346100218749999 0.568400759375 0.8363606140625001 0.5408856265625 0.8738131062499999 0.54222971875 0.902011246875 0.516072134375 0.9080501999999999 0.512338365625 0.9179830796874999 0.515165203125 0.9898974093749999 0.52584885625 1 0.5890625 1
0 0.0775414734375 0.5376077609375 0.0678710296875 0.5553904203125001 0.058560667187500005 0.55235653125 0.0516265265625 0.57080330625 0.091486834375 0.6315761078125 0.1149081171875 0.624873040625 0.12063681562499999 0.5937461796875001 0.11488690937499998 0.56138185 0.1001386046875 0.5608992484375 0.0775414734375 0.5376077609375
0 0.1675487078125 0.5880990703125001 0.1823316765625 0.5924611843750001 0.1932422234375 0.5912381250000001 0.19733607343749998 0.5604886984374999 0.183017175 0.5469485765625001 0.16553256875 0.5458018625000001 0.1675487078125 0.5880990703125001
0 0.2728952734375 0.3796875 0.27271814375000003 0.379809725 0.2832686125 0.3994032109375 0.29194159062499997 0.3922175421875 0.30185467187500004 0.4015914734375 0.29481654375 0.4083997078125 0.29979041562500003 0.41502642968750003 0.2977954859375 0.43622041093749997 0.283788553125 0.4575959078125 0.288970403125 0.48749970625000005 0.3285534078125 0.5172364046875 0.338002421875 0.5357883453125 0.3455951546875 0.5910523203125 0.37586779843749996 0.61775513125 0.37764129999999996 0.6328957468749999 0.3864529296875 0.64122813125 0.38488740625 0.6493645921875 0.40435348906249996 0.6889290015625 0.4048387671875 0.7432421843749999 0.43041484218750004 0.794354378125 0.4435629609375 0.7990939265625 0.44590451875000003 0.8166950734375 0.46061816093749997 0.8132981625 0.45312941562500003 0.769672728125 0.4689098484375 0.7634378500000001 0.47445177968749996 0.7725251015625 0.4792870015625 0.7636337734375 0.48717049062499995 0.790322171875 0.49968122656249997 0.784842165625 0.49957723749999994 0.7732036265625 0.4917630734375 0.7542742515625 0.478046896875 0.747074171875 0.4695606859375 0.714045728125 0.4592181953125 0.71772931875 0.47019806875 0.7242652859375001 0.45051055624999997 0.7210354750000001 0.453849578125 0.72803963125 0.44297369375000006 0.733142203125 0.4390666109375 0.7236775171875001 0.4237502484375 0.7207343859374999 0.42364626093749996 0.7090958468749999 0.44326445000000003 0.70456663125 0.4506626609375 0.6769418484375 0.4636721265625 0.666163346875 0.4768202453125 0.6709028937499999 0.4744093625 0.6455427203124999 0.527361915625 0.64368436875 0.570228075 0.61305451875 0.55581864375 0.5282641796875 0.5754368328125 0.5237349640625 0.5757275890625 0.4951593890625 0.5890625 0.498395834375 0.5890625 0.476181021875 0.588099671875 0.4741613296875 0.576794378125 0.4923214234375 0.5609099578125 0.48691776249999996 0.5698736921875 0.45115652031250003 0.5664306796874999 0.432513825 0.5882171125 0.426188190625 0.57748158125 0.3796875 0.2728952734375 0.3796875
0 0.5325303124999999 0.7331998453125 0.5139442515625 0.7310115828124999 0.5148377281250001 0.7087760546874999 0.49923060937499997 0.7344084953125 0.512087971875 0.7677236187500001 0.5079594593750001 0.79459353125 0.5125732515625 0.8220368015624999 0.524654578125 0.8296143140625001 0.5388001609375 0.8237568734374999 0.5241692984374999 0.77530113125 0.540483128125 0.7676472734375 0.54144593125 0.75317076875 0.5325303124999999 0.7331998453125
0 0.5401018359374999 0.7249726296875 0.556879734375 0.7081407609375 0.55059643125 0.6771954125 0.530444846875 0.6831436125 0.5329250578125 0.7162628109375 0.5401018359374999 0.7249726296875
0 0.5890625 0.8027871687499999 0.5831625171875 0.7772315375 0.5687742953125 0.7559323890625 0.5684142125 0.7767489359375 0.552065721875 0.7805232828124999 0.5489000125 0.792916690625 0.5698622953125 0.8165856140625 0.5890625 0.804516534375 0.5890625 0.8027871687499999
0 0.13044796875 0.8972989890624999 0.1494634375 0.8864297296875 0.1460204234375 0.8677870343750002 0.13504054999999998 0.8612510671875 0.1247327234375 0.8688141703125 0.13044796875 0.8972989890624999
0 0.24362403437500002 0.48501035625 0.23200677656250002 0.46825483281249997 0.224435253125 0.47648205 0.232817475 0.49787195312500004 0.24362403437500002 0.48501035625
0 0.8888783796874999 1 0.8779126203125 0.9627439125 0.8408392515625 0.8964105109375 0.80179489375 0.8568832015625001 0.7330306656250001 0.833925546875 0.6957656 0.8453026578125 0.6571887359375 0.8902681640625 0.6328448015625 0.9693939687500001 0.634249315625 1 0.8888783796874999 1