0 0.440625 0.89296875 0.42421875 0.865625 0.4125 0.88515625 0.41875 0.90546875 0.4296875 0.91171875 0.440625 0.89296875
0 0.45625 0.90234375 0.4546875 0.91796875 0.4671875 0.92265625 0.475 0.91328125 0.4734375 0.89140625 0.46875 0.87890625 0.46171875 0.878125 0.45 0.89140625 0.45625 0.90234375
0 0.23203125 0.6109375 0.2375 0.61640625 0.23359375 0.60625 0.22890625 0.6046875 0.22421875 0.615625 0.2203125 0.60859375 0.22421875 0.6015625 0.2375 0.59921875 0.23515625 0.5625 0.2265625 0.59609375 0.2203125 0.59296875 0.21953125 0.575 0.2171875 0.58984375 0.2109375 0.58984375 0.2109375 0.59765625 0.2171875 0.59609375 0.2109375 0.60546875 0.2171875 0.61171875 0.2125 0.62890625 0.2296875 0.63515625 0.2375 0.63203125 0.2359375 0.62421875 0.22890625 0.621875 0.22421875 0.6296875 0.21875 0.62109375 0.23203125 0.6109375
0 0.51875 0.05078125 0.55234375 0 0.490625 0.00078125 0.51875 0.05078125
0 0.44609375 0.4890625 0.4375 0.49921875 0.440625 0.59140625 0.45 0.58046875 0.45078125 0.5671875 0.45625 0.58515625 0.459375 0.55390625 0.45625 0.51171875 0.44609375 0.4890625
0 0.8 0.79765625 0.8078125 0.80390625 0.81875 0.73671875 0.81875 0.70546875 0.80859375 0.6859375 0.8 0.68984375 0.7984375 0.70703125 0.8 0.79765625
0 0.38125 0.43828125 0.3765625 0.50703125 0.3890625 0.55390625 0.3859375 0.56640625 0.39375 0.57578125 0.3953125 0.56015625 0.4078125 0.54609375 0.4109375 0.50546875 0.4234375 0.46328125 0.38984375 0.4234375 0.38125 0.43828125
0 0.2171875 0.51015625 0.2140625 0.48203125 0.20078125 0.4671875 0.1859375 0.48515625 0.1953125 0.63515625 0.1875 0.68359375 0.1984375 0.70390625 0.2140625 0.67265625 0.2046875 0.65546875 0.2046875 0.63515625 0.2078125 0.53046875 0.2140625 0.53046875 0.2171875 0.51015625
0 0.11796875 0.7796875 0.11171875 0.796875 0.09375 0.79921875 0.10078125 0.8140625 0.1109375 0.81328125 0.115625 0.83671875 0.1125 0.93359375 0.1046875 0.98671875 0.10703125 1 0.1203125 0.99921875 0.1375 0.84453125 0.1328125 0.83203125 0.1484375 0.80234375 0.1453125 0.78671875 0.13359375 0.7765625 0.11796875 0.7796875
0 0.45 0.11796875 0.434375 0.10703125 0.43203125 0.0828125 0.40625 0.09453125 0.39375 0.13046875 0.375 0.13828125 0.3671875 0.16484375 0.37734375 0.190625 0.38984375 0.184375 0.4046875 0.19296875 0.4078125 0.22265625 0.4171875 0.23359375 0.4265625 0.19296875 0.4390625 0.18046875 0.4421875 0.16640625 0.4359375 0.14453125 0.4421875 0.12265625 0.45 0.11796875
0 0.49921875 0.48125 0.50234375 0.490625 0.5109375 0.48359375 0.5203125 0.42578125 0.521875 0.38359375 0.49921875 0.3765625 0.47421875 0.39375 0.46875 0.40703125 0.4703125 0.50703125 0.4609375 0.55078125 0.4796875 0.57578125 0.4875 0.56328125 0.4875 0.51328125 0.490625 0.49765625 0.4953125 0.49921875 0.490625 0.49140625 0.49921875 0.48125
0 0.26796875 0.84375 0.23984375 0.846875 0.22890625 0.8390625 0.22421875 0.8453125 0.209375 0.82421875 0.20625 0.80859375 0.19453125 0.809375 0.1875 0.81640625 0.1875 0.83515625 0.20625 0.86328125 0.209375 0.89609375 0.2296875 0.94140625 0.2328125 0.99765625 0.2921875 0.99921875 0.29375 0.96015625 0.3140625 0.92734375 0.30625 0.85859375 0.29453125 0.8484375 0.27890625 0.85 0.26796875 0.84375