0 0.31704260624999997 0.14144144218750002 0.31829573906249997 0.1540540546875 0.32456140312500004 0.159459459375 0.31829573906249997 0.175675675 0.3283208015625 0.177477478125 0.32957393437500004 0.1666666671875 0.334586465625 0.164864865625 0.32706766875 0.16126126093749998 0.32706766875 0.1360360359375 0.3226817046875 0.135135134375 0.31704260624999997 0.14144144218750002
0 1 0.316216215625 0.9918546359375 0.31531531562500004 0.9874686718750001 0.3234234234375 0.9874686718750001 0.375675675 1 0.377477478125 1 0.316216215625
0 0.507518796875 0.13063063125000002 0.51503759375 0.1360360359375 0.5194235593750001 0.1549549546875 0.5388471171875 0.15585585625 0.5438596484375 0.1522522515625 0.5407268171874999 0.12972972968750002 0.5281954890625 0.1171171171875 0.5156641609375 0.115315315625 0.5087719296875 0.121621621875 0.507518796875 0.13063063125000002
0 0.8477443609374999 0.472072071875 0.8552631578125001 0.47747747812499997 0.87406015 0.472072071875 0.8834586468750001 0.4873873875 0.89097744375 0.4801801796875 0.89097744375 0.46936936874999996 0.87406015 0.45045045000000006 0.8477443609374999 0.44324324375 0.844611528125 0.4477477484375 0.8477443609374999 0.472072071875
0 0.66102756875 0.98198198125 0.6578947375 0.99369369375 0.66290726875 0.9954954953125 0.6848370921875 0.9945945953124999 0.7036340859375 0.983783784375 0.7042606515625 0.95045045 0.6911027562500001 0.9531531531249999 0.6873433578125 0.965765765625 0.66102756875 0.98198198125
0 0.91102756875 0.38108108125 0.9172932328125001 0.42612612656250004 0.9097744359375 0.4423423421875 0.9179198 0.459459459375 0.9323308265625 0.4639639640625 0.94110275625 0.45855855781250004 0.9423558890624999 0.4477477484375 0.9223057640625001 0.4135135140625 0.9235588968749999 0.38108108125 0.9179198 0.3639639640625 0.91102756875 0.38108108125
0 0.0808270671875 0.21801801875 0.07393483749999999 0.25495495468749996 0.0820802 0.25585585625 0.0958646609375 0.28288288281249996 0.1102756890625 0.28738738750000004 0.1228070171875 0.2765765765625 0.1228070171875 0.25315315312500003 0.1077694234375 0.2423423421875 0.09962405937499999 0.21621621562499999 0.09210526249999999 0.221621621875 0.0808270671875 0.21801801875
0 0.0908521296875 0.0450450453125 0.0520050125 0.0450450453125 0.0526315796875 0.06216216249999999 0.063909775 0.0639639640625 0.06641604062499999 0.1018018015625 0.0808270671875 0.11351351406250001 0.091478696875 0.11261261250000001 0.104010025 0.0981981984375 0.10902255624999999 0.0459459453125 0.105889725 0.0414414421875 0.104010025 0.0603603609375 0.094611528125 0.064864865625 0.0908521296875 0.0450450453125
0 0.0808270671875 0.8972972968749999 0.07894736875 0.8801801796875001 0.0701754390625 0.874774775 0.06641604062499999 0.85675675625 0.07518797031249999 0.835135134375 0.0607769421875 0.8234234234375 0.04699248125 0.8216216218750001 0.037593984375 0.840540540625 0.0300751875 0.8801801796875001 0.044486215625 0.8828828828124999 0.0520050125 0.8990990984374999 0.061403509375 0.9036036031249999 0.0657894734375 0.9207207203125 0.07644110312499999 0.9234234234375001 0.08333333281250001 0.9081081078125001 0.0983709265625 0.9153153156249999 0.10651629062500001 0.8891891890625001 0.0958646609375 0.8792792796875 0.08709273125 0.8990990984374999 0.0808270671875 0.8972972968749999
0 0.6541353390625 0.2423423421875 0.6566416046875 0.227927928125 0.6478696734375 0.215315315625 0.6528822062499999 0.1990990984375 0.6472431078125 0.18558558593750002 0.6296992484375 0.18558558593750002 0.6278195484375 0.20090090156249998 0.6152882203125001 0.21171171093750002 0.596491228125 0.2621621625 0.596491228125 0.28738738750000004 0.606516290625 0.2891891890625 0.6134085218750001 0.28108108125000003 0.6196741859375 0.28288288281249996 0.628446115625 0.26846846874999997 0.638471178125 0.2666666671875 0.6428571421875 0.25315315312500003 0.6541353390625 0.2423423421875
0 0.5626566421875 0.202702703125 0.5407268171874999 0.183783784375 0.5307017546874999 0.18558558593750002 0.521929825 0.2018018015625 0.49561403437499996 0.196396396875 0.47493734375 0.227927928125 0.477443609375 0.2423423421875 0.497493734375 0.27297297343750004 0.5 0.2855855859375 0.512531328125 0.2891891890625 0.5225563906249999 0.2801801796875 0.5332080203125 0.2522522515625 0.5532581453125001 0.25945945937500003 0.5557644109375001 0.2666666671875 0.576441103125 0.265765765625 0.5626566421875 0.202702703125
0 0 0.5450450453125 0.0100250625 0.5468468468750001 0.0238095234375 0.5990990984375 0.033208020312499996 0.6144144140625001 0.0507518796875 0.616216215625 0.062030075 0.6540540546875 0.0720551375 0.6540540546875 0.0783208015625 0.672072071875 0.091478696875 0.671171171875 0.0939849625 0.6333333328124999 0.07894736875 0.6261261265625 0.0776942359375 0.6009009015625 0.0820802 0.5855855859375 0.0927318296875 0.5828828828125 0.0927318296875 0.5612612609375 0.091478696875 0.5522522515625 0.08333333281250001 0.5549549546875 0.07644110312499999 0.5378378374999999 0.07644110312499999 0.496396396875 0.0607769421875 0.475675675 0.0407268171875 0.48108108125 0.0231829578125 0.472072071875 0.0213032578125 0.490990990625 0 0.516216215625 0 0.5450450453125
0 0.6397243109375 0.9891891890625001 0.6416040093750001 0.9540540546875 0.6121553890625 0.9639639640625 0.6083959906249999 0.9477477484374999 0.5808270671875 0.94414414375 0.57706766875 0.922522521875 0.5532581453125001 0.922522521875 0.5488721796875 0.9252252249999999 0.5488721796875 0.9414414421874999 0.5357142859375 0.9477477484374999 0.5294486218750001 0.9675675671875 0.5106516296875 0.9729729734375001 0.5 0.9666666671874999 0.49812029999999996 0.940540540625 0.4686716796875 0.9198198203124999 0.4661654140625 0.9036036031249999 0.46992481250000007 0.890990990625 0.465538846875 0.8774774781250001 0.42355889687500003 0.8801801796875001 0.42355889687500003 0.9 0.43609022499999994 0.9018018015625 0.43421052656250003 0.9171171171875001 0.42355889687500003 0.9072072078125 0.42355889687500003 0.9216216218750001 0.43609022499999994 0.9216216218750001 0.4373433578125 0.9486486484375 0.4223057640625 0.96846846875 0.42105263125 0.990090090625 0.4141604015625 0.9945945953124999 0.5776942359375 0.997297296875 0.5808270671875 0.96936936875 0.5933583953125 0.974774775 0.5958646609375 0.96936936875 0.6221804515625 0.9675675671875 0.6271929828125 0.9927927921874999 0.6397243109375 0.9891891890625001
0 0.94298245625 0.6522522515625 0.9843358390624999 0.6540540546875 0.9899749375000001 0.6621621625 0.9843358390624999 0.6990990984375001 0.97305764375 0.6990990984375001 0.9692982453125 0.690090090625 0.9573934843749999 0.6945945953125 0.95488721875 0.6765765765625 0.9667919796875 0.675675675 0.9692982453125 0.6864864859375001 0.9705513781249999 0.664864865625 0.9492481203124999 0.66846846875 0.940476190625 0.6630630625 0.9348370921875 0.6765765765625 0.9398496234374999 0.6945945953125 0.9298245609375 0.716216215625 0.9417293234375 0.7423423421875001 0.9505012531249999 0.7423423421875001 0.95488721875 0.75045045 0.9498746859375 0.7846846843749999 0.9385964906250001 0.7882882890625 0.9385964906250001 0.8081081078125001 0.95300751875 0.8126126125 0.9536340859375001 0.8297297296874999 0.94298245625 0.8324324328125 0.937969925 0.8108108109375 0.9304511281250001 0.816216215625 0.9122807015625 0.7954954953125 0.9223057640625001 0.790090090625 0.9216791984375 0.7423423421875001 0.9097744359375 0.7432432437500001 0.9085213031249999 0.7846846843749999 0.9003759406249999 0.7873873875 0.8972431078125 0.8009009015625 0.9072681703125 0.8099099093750001 0.9254385968750001 0.8540540546875001 0.9454887218750001 0.8522522515625001 0.9505012531249999 0.8450450453125 0.9517543859375 0.8522522515625001 0.9843358390624999 0.8612612609375001 0.98496240625 0.874774775 0.9724310781250001 0.88198198125 0.9711779453125 0.8981981984375 0.9768170421875 0.9081081078125001 1 0.91801801875 0.9993734328125001 0.5549549546875 0.9617794484375001 0.5621621625000001 0.9536340859375001 0.6045045046874999 0.94110275625 0.6135135140625 0.9385964906250001 0.6459459453124999 0.94298245625 0.6522522515625
0 0.383458646875 0.9036036031249999 0.38972431093750004 0.9 0.3922305765625 0.8801801796875001 0.40288220625 0.8774774781250001 0.4072681703125 0.8657657656250001 0.4047619046875 0.835135134375 0.3922305765625 0.8297297296874999 0.3922305765625 0.8135135140624999 0.405388471875 0.8072072078125 0.40914787031250005 0.7981981984375001 0.42919799531249997 0.796396396875 0.4392230578125 0.809009009375 0.45175438593750006 0.8126126125 0.455513784375 0.8324324328125 0.47556390937500004 0.8360360359375001 0.48370927343750003 0.8297297296874999 0.48621553906250004 0.7882882890625 0.4943609015625 0.7729729734374999 0.509398496875 0.7873873875 0.5407268171874999 0.7927927921875 0.5507518796875 0.8072072078125 0.5921052625 0.834234234375 0.5958646609375 0.8990990984374999 0.6403508765625 0.8981981984375 0.6428571421875 0.878378378125 0.6566416046875 0.8675675671875 0.6578947375 0.79369369375 0.6685463656249999 0.783783784375 0.6842105265625 0.7954954953125 0.6842105265625 0.8369369375 0.687969925 0.853153153125 0.6967418546874999 0.8585585578125 0.695488721875 0.874774775 0.687969925 0.8801801796875001 0.687969925 0.8891891890625001 0.6911027562500001 0.8990990984374999 0.70300751875 0.9036036031249999 0.7048872187499999 0.9243243250000001 0.732456140625 0.9243243250000001 0.7380952375 0.8801801796875001 0.7462406015624999 0.8738738734375 0.7506265671875 0.878378378125 0.7537593984375001 0.85585585625 0.7662907265625 0.85585585625 0.774436090625 0.8621621625 0.7756892234375 0.8711711718749999 0.76691729375 0.8801801796875001 0.7687969921875 0.9243243250000001 0.7813283203125 0.9243243250000001 0.78508771875 0.9135135140624999 0.7963659140625 0.9135135140624999 0.8051378453125 0.922522521875 0.8276942359374999 0.9207207203125 0.8308270671875 0.8801801796875001 0.8527568921875 0.872072071875 0.8621553890625 0.878378378125 0.8621553890625 0.9378378375 0.86904761875 0.94414414375 0.893483709375 0.9396396390625 0.8884711781249999 0.9198198203124999 0.8947368421874999 0.9036036031249999 0.89097744375 0.853153153125 0.8941102750000001 0.8378378375000001 0.9072681703125 0.835135134375 0.8865914781249999 0.834234234375 0.8878446109375 0.8414414421874999 0.878446115625 0.8369369375 0.878446115625 0.7918918921875 0.873433584375 0.7846846843749999 0.8865914781249999 0.7549549546875001 0.89097744375 0.7630630625 0.8947368421874999 0.6603603609375 0.9028822062499999 0.6594594593750001 0.9066416046875 0.65045045 0.9166666671874999 0.6522522515625 0.9248120296875 0.640540540625 0.9260651624999999 0.5900900906250001 0.915413534375 0.5621621625000001 0.9016290734375 0.5603603609375 0.8853383453125 0.571171171875 0.8634085218750001 0.55585585625 0.8621553890625 0.5414414421875 0.87593985 0.5360360359375 0.8771929828125 0.516216215625 0.8477443609374999 0.515315315625 0.8458646609375 0.47837837812500006 0.8339599 0.475675675 0.8283208015625 0.45855855781250004 0.8157894734375001 0.4459459453125 0.8038847125 0.33513513437500003 0.792606515625 0.327927928125 0.7819548875 0.34324324375000004 0.784461153125 0.3954954953125 0.7825814531249999 0.403603603125 0.7725563906249999 0.40900900937499995 0.7481203 0.40090090156249997 0.740601503125 0.384684684375 0.7418546359375 0.3612612609375 0.7161654140625 0.31531531562500004 0.6961152875 0.31891891875 0.6892230578125 0.3270270265625 0.68295739375 0.3630630625 0.687969925 0.384684684375 0.6860902249999999 0.40180180156249995 0.6760651625 0.4 0.67105263125 0.383783784375 0.628446115625 0.39459459531249996 0.6071428578125 0.3477477484375 0.579573934375 0.33693693750000003 0.5676691734375 0.3414414421875 0.559523809375 0.374774775 0.521929825 0.3801801796875 0.5156641609375 0.35675675625 0.4893483703125 0.35675675625 0.4818295734375 0.33873873906249996 0.47117794531249996 0.334234234375 0.47117794531249996 0.316216215625 0.482456140625 0.3054054046875 0.482456140625 0.2927927921875 0.47556390937500004 0.28288288281249996 0.46428571406249997 0.2738738734375 0.440476190625 0.2738738734375 0.42042606562499996 0.2954954953125 0.37656641562500004 0.2954954953125 0.3646616546875 0.3072072078125 0.3646616546875 0.31801801875 0.37656641562500004 0.3333333328125 0.3978696734375 0.33513513437500003 0.4041353390625 0.3333333328125 0.40914787031250005 0.31891891875 0.4398496234375 0.31801801875 0.44110275625 0.3378378375 0.42481202968750004 0.3612612609375 0.4273182953125 0.377477478125 0.41290726875 0.38558558593750003 0.4047619046875 0.41171171093750003 0.3878446109375 0.43063063125 0.37656641562500004 0.43063063125 0.3728070171875 0.41801801875000005 0.361528821875 0.425225225 0.3577694234375 0.4144144140625 0.33020050156249997 0.41081081093750005 0.3239348375 0.43063063125 0.2863408515625 0.4360360359375 0.2637844609375 0.428828828125 0.24749373437500002 0.43963963906250003 0.23997493749999999 0.43063063125 0.20864661718750002 0.4270270265625 0.1923558890625 0.4360360359375 0.17982456093750002 0.45405405468750004 0.15977443593750001 0.45765765781249995 0.1422305765625 0.44684684687500004 0.138471178125 0.43783783749999994 0.1096491234375 0.4234234234375 0.104010025 0.4171171171875 0.1052631578125 0.4081081078125 0.13721804531249998 0.40900900937499995 0.145989975 0.42162162187499996 0.160401003125 0.3828828828125 0.1723057640625 0.37837837812499997 0.1948621546875 0.39459459531249996 0.20864661718750002 0.39459459531249996 0.2318295734375 0.36846846875 0.2437343359375 0.33153153125 0.254385965625 0.3396396390625 0.2637844609375 0.3621621625 0.2788220546875 0.3603603609375 0.2913533828125 0.3477477484375 0.3101503765625 0.35675675625 0.31328320781249996 0.3396396390625 0.3258145359375 0.3324324328125 0.3258145359375 0.316216215625 0.31328320781249996 0.3018018015625 0.30889724375 0.2792792796875 0.26691729375 0.2621621625 0.259398496875 0.2297297296875 0.26879699218750003 0.203603603125 0.2437343359375 0.190990990625 0.232456140625 0.221621621875 0.20363408593750001 0.2360360359375 0.187969925 0.22072072031249998 0.1773182953125 0.190990990625 0.17355889687499998 0.196396396875 0.1679198 0.1864864859375 0.165413534375 0.14324324375 0.1472431078125 0.12972972968750002 0.141604009375 0.1324324328125 0.1403508765625 0.1522522515625 0.1578947375 0.1702702703125 0.15288220624999999 0.19369369375 0.1666666671875 0.2261261265625 0.1679198 0.2639639640625 0.1817042609375 0.278378378125 0.1942355890625 0.3126126125 0.19298245625 0.3360360359375 0.1723057640625 0.3459459453125 0.17105263125 0.33873873906249996 0.1572681703125 0.34414414375 0.145989975 0.33513513437500003 0.1516290734375 0.3054054046875 0.141604009375 0.290990990625 0.144110275 0.2765765765625 0.13972431093749998 0.275675675 0.12218045156249999 0.30270270312499997 0.1102756890625 0.30900900937500003 0.1102756890625 0.321621621875 0.09711779375 0.3477477484375 0.0808270671875 0.340540540625 0.062030075 0.3459459453125 0.0582706765625 0.31531531562500004 0.0319548875 0.31531531562500004 0.031328320312500005 0.33063063125 0.047619046875 0.35045044999999997 0.0338345859375 0.359459459375 0.0300751875 0.384684684375 0.0682957390625 0.40900900937499995 0.08709273125 0.40180180156249995 0.09899749375 0.4081081078125 0.091478696875 0.42972972968749995 0.09899749375 0.490990990625 0.10651629062500001 0.496396396875 0.11090225625000001 0.5171171171875 0.12218045156249999 0.5207207203124999 0.1296992484375 0.535135134375 0.14536340781249998 0.5468468468750001 0.1422305765625 0.5603603609375 0.153508771875 0.5603603609375 0.1560150375 0.5459459453125 0.17105263125 0.5477477484375 0.18107769375 0.5387387390625 0.20488721875000002 0.535135134375 0.232456140625 0.553153153125 0.23621553906249998 0.5621621625000001 0.2481203 0.5648648656249999 0.2481203 0.5990990984375 0.24248120312500002 0.6054054046874999 0.188596490625 0.6144144140625001 0.185463659375 0.6261261265625 0.17167919843749999 0.6387387390625 0.17355889687499998 0.6540540546875 0.185463659375 0.65675675625 0.185463659375 0.674774775 0.163533834375 0.6738738734374999 0.1566416046875 0.6801801796875 0.1566416046875 0.716216215625 0.1672932328125 0.7207207203125 0.1691729328125 0.73063063125 0.15413533906250002 0.7432432437500001 0.153508771875 0.7585585578125 0.1403508765625 0.7522522515625 0.1447368421875 0.74414414375 0.12406015 0.7396396390625 0.1253132828125 0.721621621875 0.13909774375 0.716216215625 0.1403508765625 0.696396396875 0.13721804531249998 0.675675675 0.12092731875 0.6738738734374999 0.1152882203125 0.678378378125 0.10902255624999999 0.7072072078125 0.096491228125 0.7234234234375 0.084586465625 0.7621621625 0.07894736875 0.7612612609375 0.07581453593750001 0.74414414375 0.05451127812499999 0.740540540625 0.0507518796875 0.7297297296874999 0.043233082812500004 0.7297297296874999 0.0388471171875 0.7378378375 0.042606515625 0.7630630625 0.062030075 0.8072072078125 0.0908521296875 0.8054054046875001 0.0958646609375 0.7855855859374999 0.13972431093749998 0.7855855859374999 0.148496240625 0.7639639640625 0.15413533906250002 0.764864865625 0.15037594062499998 0.7918918921875 0.15977443593750001 0.8054054046875001 0.1641604015625 0.8045045046875 0.16290726875 0.790090090625 0.1691729328125 0.790090090625 0.1691729328125 0.80630630625 0.1572681703125 0.8072072078125 0.1497493734375 0.8198198203124999 0.13721804531249998 0.8198198203124999 0.14097744375000001 0.8126126125 0.1253132828125 0.8135135140624999 0.1228070171875 0.853153153125 0.12593985000000002 0.8594594593749999 0.13721804531249998 0.8540540546875001 0.13909774375 0.874774775 0.15413533906250002 0.88198198125 0.155388471875 0.9414414421874999 0.1691729328125 0.9486486484375 0.17293233125000002 0.9702702703125 0.1697994984375 0.9873873874999999 0.1572681703125 0.9891891890625001 0.153508771875 0.978378378125 0.145989975 0.9765765765625 0.14097744375000001 0.9945945953124999 0.3483709265625 0.997297296875 0.38972431093750004 0.9918918921875 0.3872180453125 0.9702702703125 0.37593985 0.964864865625 0.37593985 0.9252252249999999 0.3859649125 0.9144144140625 0.383458646875 0.9036036031249999
0 0.3251879703125 0.1927927921875 0.3333333328125 0.1918918921875 0.3627819546875 0.174774775 0.3659147875 0.15765765781250002 0.33897243125 0.15135135156249999 0.33020050156249997 0.15675675625000002 0.31954887187500003 0.1828828828125 0.3251879703125 0.1927927921875