0 0.78203125 0.8859375 0.7890625 0.88046875 0.8078125 0.76796875 0.8171875 0.74609375 0.8421875 0.71796875 0.83671875 0.7140625 0.81171875 0.725 0.79453125 0.7234375 0.7640625 0.69609375 0.7546875 0.64453125 0.76171875 0.63125 0.80390625 0.6203125 0.809375 0.58515625 0.81640625 0.5796875 0.83359375 0.5828125 0.8453125 0.56953125 0.8578125 0.49609375 0.8390625 0.38515625 0.84296875 0.371875 0.86484375 0.3828125 0.88125 0.38046875 0.878125 0.34609375 0.8890625 0.30078125 0.88046875 0.2921875 0.85234375 0.2953125 0.834375 0.28359375 0.84296875 0.259375 0.86796875 0.2671875 0.875 0.25546875 0.86484375 0.2390625 0.85 0.23203125 0.83984375 0.2109375 0.82265625 0.2234375 0.81328125 0.2109375 0.76796875 0.209375 0.746875 0.19765625 0.7484375 0.16171875 0.7375 0.15078125 0.721875 0.11328125 0.70546875 0.10625 0.69765625 0.09375 0.696875 0.12578125 0.703125 0.14765625 0.696875 0.16640625 0.696875 0.20078125 0.7046875 0.23203125 0.69453125 0.2484375 0.6703125 0.25703125 0.66484375 0.28125 0.64765625 0.278125 0.6421875 0.28671875 0.64375 0.43046875 0.65234375 0.4375 0.659375 0.43046875 0.6578125 0.38828125 0.6703125 0.36953125 0.67421875 0.325 0.70234375 0.31875 0.7140625 0.32265625 0.7234375 0.38046875 0.7171875 0.40859375 0.69921875 0.4171875 0.6890625 0.43203125 0.6875 0.46484375 0.6765625 0.47578125 0.659375 0.52890625 0.6609375 0.57890625 0.6734375 0.63671875 0.6484375 0.66640625 0.646875 0.68203125 0.6609375 0.70859375 0.6859375 0.72734375 0.7015625 0.76484375 0.69453125 0.7796875 0.67890625 0.778125 0.6625 0.80390625 0.6609375 0.82109375 0.6734375 0.85390625 0.665625 0.88984375 0.7015625 0.93046875 0.6984375 0.98203125 0.72734375 0.9921875 0.73359375 1 0.75625 0.99921875 0.7578125 0.96796875 0.74375 0.94921875 0.7578125 0.89765625 0.7546875 0.86640625 0.76953125 0.8671875 0.78203125 0.8859375
0 0.26796875 0.5734375 0.275 0.57109375 0.2734375 0.54453125 0.2546875 0.53984375 0.2625 0.51796875 0.2640625 0.48359375 0.2515625 0.43828125 0.253125 0.39296875 0.2375 0.36484375 0.2515625 0.34140625 0.246875 0.32109375 0.2703125 0.31171875 0.2734375 0.29296875 0.2671875 0.28671875 0.265625 0.23203125 0.2515625 0.21796875 0.24375 0.18046875 0.225 0.15859375 0.22734375 0.153125 0.23984375 0.15625 0.25546875 0.134375 0.26015625 0.1390625 0.2640625 0.12109375 0.2515625 0.09921875 0.24375 0.06328125 0.22421875 0.0375 0.21875 0.04765625 0.225 0.09921875 0.2171875 0.10859375 0.221875 0.13046875 0.2171875 0.13515625 0.2234375 0.14609375 0.21640625 0.146875 0.20546875 0.134375 0.18671875 0.1375 0.171875 0.16484375 0.1765625 0.17734375 0.16875 0.18671875 0.1734375 0.19296875 0.16484375 0.1953125 0.16015625 0.1859375 0.14140625 0.1859375 0.13125 0.19765625 0.1296875 0.22578125 0.1421875 0.23984375 0.1390625 0.24765625 0.159375 0.27109375 0.134375 0.32734375 0.12890625 0.3203125 0.121875 0.32421875 0.1234375 0.35859375 0.103125 0.37734375 0.1078125 0.39765625 0.13359375 0.415625 0.13984375 0.4265625 0.15234375 0.4328125 0.17265625 0.4265625 0.1765625 0.43671875 0.17421875 0.45 0.16953125 0.44375 0.1625 0.44765625 0.16640625 0.453125 0.15703125 0.453125 0.14609375 0.4421875 0.1390625 0.44765625 0.125 0.50078125 0.109375 0.51015625 0.103125 0.53671875 0.13203125 0.5546875 0.16796875 0.5375 0.20546875 0.5484375 0.20546875 0.553125 0.19296875 0.55 0.184375 0.56015625 0.1890625 0.58203125 0.184375 0.62421875 0.20078125 0.640625 0.215625 0.64296875 0.25 0.63828125 0.2484375 0.60234375 0.2359375 0.57734375 0.2453125 0.57265625 0.24765625 0.5640625 0.26796875 0.5734375
0 0.0359375 0.53984375 0.0453125 0.52265625 0.040625 0.50546875 0.03203125 0.4984375 0.00078125 0.4984375 0 0.52734375 0.0359375 0.53984375
0 0.50859375 0.6875 0.515625 0.68828125 0.5234375 0.68203125 0.5265625 0.65078125 0.51953125 0.6390625 0.51015625 0.6375 0.4921875 0.66796875 0.50859375 0.6875
0 0.46875 0.69296875 0.475 0.66328125 0.46328125 0.6484375 0.4515625 0.65390625 0.45 0.66953125 0.45625 0.69140625 0.46875 0.69296875
0 0.3296875 0.76640625 0.3375 0.77578125 0.3375 0.79765625 0.3453125 0.79921875 0.3609375 0.76484375 0.3625 0.72890625 0.35703125 0.7234375 0.3390625 0.72890625 0.3296875 0.75546875 0.3296875 0.76640625
0 0.5375 0.48671875 0.5515625 0.49453125 0.5703125 0.46796875 0.56875 0.45078125 0.56171875 0.4421875 0.54921875 0.44375 0.534375 0.46484375 0.5375 0.48671875
0 0.56328125 0.4421875 0.55234375 0.4421875 0.5390625 0.45390625 0.534375 0.47734375 0.5390625 0.49140625 0.5625 0.50546875 0.55625 0.54296875 0.5703125 0.54609375 0.5796875 0.52265625 0.578125 0.50859375 0.5703125 0.50390625 0.5765625 0.48515625 0.571875 0.45078125 0.56328125 0.4421875
0 0.61015625 0.4421875 0.59765625 0.43125 0.5859375 0.44140625 0.58125 0.45546875 0.6171875 0.50234375 0.6125 0.54921875 0.6265625 0.56328125 0.63359375 0.5625 0.640625 0.55078125 0.634375 0.47890625 0.64375 0.44609375 0.63203125 0.4375 0.61015625 0.4421875
0 0.5671875 0.39609375 0.55546875 0.3890625 0.5484375 0.39765625 0.5484375 0.41015625 0.5609375 0.42265625 0.5671875 0.39609375
0 1 0.80078125 0.99296875 0.796875 0.978125 0.80703125 0.9703125 0.83046875 0.984375 0.86328125 0.975 0.90546875 0.98515625 0.915625 1 0.91640625 1 0.80078125
0 0.8734375 0.80546875 0.86328125 0.8015625 0.8546875 0.82265625 0.8515625 0.88515625 0.8703125 0.89453125 0.8734375 0.80546875
0 0.8578125 0.96484375 0.890625 0.97421875 0.9 0.96796875 0.9 0.96015625 0.896875 0.92578125 0.88671875 0.9171875 0.859375 0.95234375 0.8578125 0.96484375
0 0.828125 0.98828125 0.8296875 0.93671875 0.82421875 0.928125 0.81640625 0.928125 0.8125 0.94921875 0.81875 0.98203125 0.828125 0.98828125
0 1 0.97578125 0.98828125 0.9765625 0.9796875 0.99921875 1 0.99921875 1 0.97578125
0 0.6359375 0.96953125 0.6359375 0.92109375 0.62578125 0.9171875 0.6125 0.92578125 0.6140625 0.95078125 0.62109375 0.96875 0.6359375 0.96953125
0 0.4890625 0.95546875 0.47578125 0.9453125 0.4625 0.97734375 0.46875 0.99921875 0.4828125 0.99921875 0.4890625 0.95546875
0 0.24453125 0.9828125 0.2515625 0.98203125 0.2671875 0.96328125 0.2671875 0.94140625 0.26171875 0.934375 0.2421875 0.94453125 0.2390625 0.97265625 0.24453125 0.9828125
0 0.34140625 0.9875 0.32734375 0.98125 0.315625 0.99140625 0.31640625 1 0.3484375 0.99921875 0.34140625 0.9875
0 0.209375 0.93359375 0.2171875 0.94140625 0.221875 0.93671875 0.221875 0.88671875 0.21171875 0.8796875 0.2015625 0.88515625 0.2 0.89921875 0.209375 0.93359375
0 0 0.60703125 0.0171875 0.61171875 0.0234375 0.60859375 0.025 0.58984375 0.01484375 0.5796875 0 0.58515625 0 0.60703125
0 0.128125 0.45546875 0.13125 0.44765625 0.11328125 0.425 0.0953125 0.42734375 0.10078125 0.446875 0.11640625 0.45625 0.128125 0.45546875
0 0.09921875 0.2171875 0.0921875 0.23515625 0.1046875 0.24296875 0.1109375 0.22890625 0.09921875 0.2171875
0 0.09375 0.27421875 0.1 0.32265625 0.109375 0.32578125 0.115625 0.31015625 0.109375 0.28984375 0.115625 0.27421875 0.125 0.27109375 0.11171875 0.2515625 0.09375 0.27421875
0 0.228125 0.01953125 0.2265625 0.03828125 0.2375 0.04609375 0.25 0.03828125 0.2546875 0.02734375 0.2546875 0.01015625 0.24921875 0.0046875 0.23203125 0.0109375 0.228125 0.01953125
0 0.3859375 0.56171875 0.36640625 0.5609375 0.3671875 0.57734375 0.37734375 0.5859375 0.3859375 0.58515625 0.3859375 0.56171875
0 0.6359375 0.86484375 0.6453125 0.86640625 0.6546875 0.81953125 0.65078125 0.8125 0.63984375 0.8109375 0.6328125 0.81953125 0.63125 0.84453125 0.6359375 0.86484375
0 0.6875 0.98828125 0.68046875 0.98125 0.6671875 0.98515625 0.66484375 1 0.6875 0.99921875 0.6875 0.98828125