0 0.11579106406249999 0.5 0.1052545765625 0.47146226406249997 0.11364301562500001 0.43470217343749995 0.109412859375 0.41665892656250003 0.08811391562500001 0.3916956609375 0.071732190625 0.3956923046875 0.0620369734375 0.3809586328125 0.0730479234375 0.338746946875 0.0968301578125 0.3150724734375 0.1078141671875 0.284724965625 0.10381752500000001 0.2683432421875 0.0727964203125 0.24051048281249998 0.07744866875 0.17716601406250002 0.071637809375 0.123763746875 0.045421646875 0.069840575 0.032156396875 0.059844493750000005 0.025591123437500002 0.025186009375000002 0.01257285625 0.0109193640625 0 0.006940685937500001 0 0.5 0.0050298437500000005 0.5 0.005055725 0.49994619843750004 0.02072344375 0.49689707343749995 0.0208474953125 0.5 0.11579106406249999 0.5
0 0.487381040625 0 0.4852314375 0.0165010484375 0.49203022343749997 0.05282105625 0.5036070078125 0.07491482656250001 0.4843692609375 0.082701540625 0.48667743906250005 0.11118095312500001 0.4945045640625 0.11262243593750002 0.5147032984375 0.0996176390625 0.5184799 0.10840575 0.529149578125 0.11198925 0.5195935796875 0.1404417234375 0.5233028296875 0.178890278125 0.5605568843750001 0.1787375875 0.5759910890625 0.1740269390625 0.5909852124999999 0.154129065625 0.5796958203125 0.1099684625 0.581411225 0.086006596875 0.5707550171875 0.076491009375 0.557929853125 0.081682153125 0.5572293171875 0.07669758125000001 0.5954713 0.059462631249999995 0.6362549750000001 0.072368615625 0.659375 0.0530605875 0.659375 0.0362503015625 0.6536919765625 0.0216292703125 0.63567566875 0.013995246875 0.629784996875 0 0.487381040625 0
0 0.231081246875 0.23351407656249998 0.23907453125 0.266277525 0.24831619843750002 0.271756059375 0.25567629687500004 0.26987449375 0.270203396875 0.2466535734375 0.24654239375000003 0.21693924999999997 0.2368067640625 0.22000184531250003 0.231081246875 0.23351407656249998
0 0.287779621875 0.239100371875 0.2988624421875 0.269735271875 0.31192111875 0.266205653125 0.315298046875 0.242010275 0.311301403125 0.2256285515625 0.298022684375 0.2215645578125 0.287779621875 0.239100371875
0 0.44213967343749994 0.2885688265625 0.4222148609375 0.2854388796875 0.41721682031249996 0.2920715046875 0.42424911718749997 0.3300530359375 0.446001615625 0.3642714359375 0.45407572187499995 0.361442353125 0.45080655625 0.3381810234375 0.45771310156249995 0.327044321875 0.45607851874999994 0.31541365625 0.44213967343749994 0.2885688265625
0 0.1563305828125 0.027143876562500002 0.1572376921875 0.0456541484375 0.1811456765625 0.07109790625 0.1949318296875 0.06068868125 0.19498570937499998 0.0369603265625 0.17604882500000002 0.0167481203125 0.162523125 0.016954692187500002 0.1563305828125 0.027143876562500002
0 0.18836655625 0.026030196875 0.172492265625 0.015553621875000001 0.1608616015625 0.0171882046875 0.1530075359375 0.0276109 0.15316022812500002 0.0648649546875 0.162608465625 0.083869190625 0.1550013828125 0.090021321875 0.15544146718750002 0.10520854531249998 0.1689132875 0.12873032812500002 0.183399975 0.12330567343750001 0.1711495953125 0.0843631546875 0.1939708421875 0.06590676250000001 0.1968538046875 0.05025251562500001 0.18836655625 0.026030196875
0 0.1226734984375 0.0106948 0.11101589375000001 0.024193562499999998 0.0870540265625 0.0224781578125 0.0758769140625 0.033367878125 0.09074980625 0.0668588015625 0.094845259375 0.144222934375 0.10407345625 0.155633559375 0.11166706875000001 0.155413515625 0.1245191734375 0.138358196875 0.1125292453125 0.089213025 0.1437389296875 0.0339965421875 0.136652753125 0.019743365625000002 0.1226734984375 0.0106948
0 0.5903386484375 0.43886931718750005 0.5978110296875 0.49203807343749995 0.6034961359375 0.49632210624999995 0.61063619375 0.48684692968750004 0.6154680734375 0.4488923390625 0.6117049437500001 0.43417213749999994 0.6000877484375 0.42987463281249993 0.5903386484375 0.43886931718750005
0 0.37081087031250004 0.1427140109375 0.38006600625 0.14226045781250002 0.38958159375 0.1316042515625 0.38796048125000004 0.11404149687500001 0.36730819062500003 0.1177911578125 0.37081087031250004 0.1427140109375
0 0.1231586015625 0.42404596562499997 0.1200555984375 0.4321066015625 0.137030096875 0.4805512390625 0.1467657265625 0.47748864375 0.1487146421875 0.4551883015625 0.14331692812500002 0.4288374359375 0.13455575625 0.420749859375 0.1231586015625 0.42404596562499997
0 1 0 0.792552309375 0 0.8681321171875 0.3656604140625 1 0.352989375 1 0
0 0.11544414843749999 0.5 0.09184023125 0.5218507921875 0.100659815625 0.6232360359375 0.1272143140625 0.67697390625 0.1296440015625 0.713577346875 0.178626075 0.7723732062499999 0.20042229374999998 0.8308848 0.2423831125 0.8783524640625 0.23908974375 0.9321801875 0.257658209375 0.987040421875 0.2678795578125 1 0.411823384375 1 0.39831026875000003 0.8482283515625 0.35365195312500003 0.665675121875 0.36702762187500004 0.6063254328125 0.3541822125 0.5342409124999999 0.3557965796875 0.5 0.11544414843749999 0.5
0 0.659375 0.5 0.659375 1 1 1 1 0.6347484109375 0.9810623453125 0.5 0.659375 0.5