0 0.2370314046875 0 0.248791015625 0.145435653125 0.25858916875000004 0.15237041093749998 0.2656417609375 0.144257334375 0.260775225 0.09887815625 0.2728418390625 0.0777146078125 0.27369631562499996 0.029395409374999997 0.303556328125 0.0205341359375 0.316488965625 0.023863084375 0.330959190625 0.08550384531250001 0.3263398671875 0.11630651249999999 0.3076095875 0.1269294875 0.2977760046875 0.143703603125 0.2985654 0.179207996875 0.287594703125 0.191828340625 0.27306516875 0.25041702187500003 0.2785208640625 0.3042215703125 0.2963612390625 0.36562666875 0.27163885312499997 0.39952839375 0.271132096875 0.4164969703125 0.288300909375 0.44408274687500005 0.31667608281250004 0.46241832968749996 0.3363547921875 0.501681796875 0.329891359375 0.518220246875 0.31292278281249997 0.5177134921875 0.297173728125 0.5467544546875 0.2967848046875 0.5654081046874999 0.3127398703125 0.5998520125 0.30702463125 0.6391978828125 0.318015590625 0.65 0.4051766953125 0.65 0.40703318125 0.6406711734375 0.40130639375 0.6072053484375 0.41737351718750004 0.606928484375 0.43226809531250004 0.626206721875 0.43943851875 0.6197787171875 0.45117551562499997 0.49703937812500004 0.45963631562499996 0.4727413453125 0.48447653125 0.44052469531250005 0.47828419218749996 0.4367244203125 0.45214782500000006 0.4504052515625 0.43349417343749996 0.450016328125 0.398573165625 0.422825246875 0.3845742671875 0.367924784375 0.39115553125 0.3530714078125 0.43582771718749996 0.3380944265625 0.43907426093749996 0.299767840625 0.446244684375 0.2933398359375 0.4650161640625 0.295413834375 0.47665265312500005 0.2802069625 0.4845951484375 0.20006581093750003 0.4560081921875 0.081839509375 0.4592193078125 0.06722179687499999 0.48363517187499994 0.07736767343749999 0.50115170625 0.0736028265625 0.49518925625000004 0.0367668515625 0.5013883906250001 0 0.2370314046875 0
0 0.122415425 0.43282285 0.130057175 0.4331351453125 0.1380112203125 0.42580568750000003 0.13902473125 0.3918685359375 0.13055815625 0.379760721875 0.1203298796875 0.37878263749999996 0.10324924375 0.41299665625 0.122415425 0.43282285
0 0.07060246875000001 0.3941131140625 0.058376821875 0.40089461406250004 0.0578700671875 0.417863190625 0.0662600109375 0.4409829046875 0.0798584390625 0.4417253234375 0.0843599296875 0.4092375828125 0.07060246875000001 0.3941131140625
0 0.13844790468749998 0.21411090000000002 0.15420273281250002 0.221475784375 0.172420484375 0.1914155375 0.16943925937499998 0.17299755156250002 0.1612083484375 0.16425988593750002 0.1478455859375 0.1668876140625 0.1334281078125 0.1907555203125 0.13844790468749998 0.21411090000000002
0 0.151097903125 0.1649668765625 0.137658509375 0.1786065046875 0.13437076406249998 0.2042361171875 0.140486475 0.21904829062500003 0.166823078125 0.2324464828125 0.1629107453125 0.2733595953125 0.178312078125 0.2756692578125 0.186655046875 0.24968615 0.1839094859375 0.2346383125 0.1751306171875 0.2301722484375 0.1804569328125 0.209480028125 0.1728094078125 0.17276188750000002 0.162893421875 0.16414205312500002 0.151097903125 0.1649668765625
0 0.1872680859375 0.161590953125 0.18327335 0.17711011875 0.22556501875 0.22495221718749997 0.2240447515625 0.27585794531249996 0.2402709078125 0.2899631296875 0.2477948265625 0.2885903484375 0.25449392187500003 0.275422046875 0.24233335937499997 0.19837995 0.24996933437500002 0.162286396875 0.2366832015625 0.15390222656250002 0.21344565625 0.16060709687500002 0.19914023593750002 0.14975422968750002 0.1872680859375 0.161590953125
0 0.1588929140625 0.1432553703125 0.16363006875 0.11413777812499999 0.15046176718749998 0.10743868281249999 0.1435270078125 0.1172368359375 0.14446966249999998 0.13071743125 0.1588929140625 0.1432553703125
0 0.528122875 0.6288171296875 0.52477660625 0.532532225 0.5135290421875001 0.5290854453125 0.5058518640624999 0.552482025 0.5071949906250001 0.620120665625 0.528122875 0.6288171296875
0 0.27312290781250004 0.6144754984375 0.2833511859375 0.6154535812499999 0.28992667656250004 0.5641943578124999 0.2851837453125 0.556906103125 0.27327039218750004 0.5560458515625 0.26633563437499996 0.5658440046875 0.26653586875 0.5929230265625 0.27312290781250004 0.6144754984375
0 0.6 0.65 0 0.65 0 1 0.31428649218750004 1 0.3218935375 0.9912490953124999 0.31385570625 0.9150475874999999 0.33893158749999996 0.8862010843749999 0.3461937390625 0.8157029546875 0.41328249687499996 0.8064961468749999 0.42206521406249997 0.8352327765625001 0.46025694375 0.8777171890625001 0.468807790625 1 0.5275979328125 1 0.5249132750000001 0.949959546875 0.4966952125 0.9338707312500001 0.49580308281249996 0.8436230328125 0.512856528125 0.835657284375 0.5288508703125 0.870662884375 0.573742240625 0.8539772609374999 0.5834016890625 0.8758793265625 0.6 0.8786249265624999 0.6 0.65
0 0.41619886250000004 1 0.42704218125000004 0.9838963859375 0.4242801390625 0.963769759375 0.4039021359375 0.9629369750000001 0.4013883890625 0.9269887203125 0.3755522265625 0.9062178421875 0.39260567343749997 0.898252090625 0.3942932125 0.8642678078125 0.406831153125 0.8498445562500001 0.36839112812499997 0.8231817687499999 0.3690854875 0.8524839906249999 0.357424278125 0.860072678125 0.3495182953125 0.8245014859375001 0.3431482703125 0.9852473156249999 0.359808121875 1 0.41619886250000004 1