0 0 0.66875 0.6296875 0.66875 0.6296875 0.66156073125 0.5958678640625 0.6220720203125001 0.5623751734375 0.623947903125 0.5184405015625 0.6044232765625 0.48207300000000003 0.615717165625 0.4819979421875 0.6336567859375 0.46293151562499996 0.6405102921875 0.44895883124999997 0.6239360265625 0.42429289218750005 0.6137462984375001 0.416826878125 0.5910219875 0.39084916718749996 0.5716487390625 0.3716815875 0.57040804375 0.350950965625 0.587768871875 0.332439271875 0.591119934375 0.2860833625 0.5694166734375 0.23266605468749998 0.5573659 0.1786189546875 0.566757190625 0.1631843828125 0.5768786515625 0.1248492234375 0.574397259375 0.10235324999999999 0.594171209375 0.0629086234375 0.5986947015624999 0.004825056249999999 0.5724412328125 0.0230332890625 0.54480756875 0.08991751406250001 0.532961603125 0.12230073749999999 0.5380906015625 0.1218210640625 0.5236534203125001 0 0.5075870765625 0 0.66875
0 0 0 0 0.11356538125 0.0532336453125 0.1358085453125 0.1140647765625 0.11851598593749998 0.16803681875 0.1270643171875 0.301782396875 0.1733796484375 0.342816159375 0.17628845625 0.35277846875 0.183251784375 0.3362833953125 0.1564046828125 0.35012883125 0.13885092500000001 0.3949967546875 0.1612160890625 0.4057911625 0.16292575468749998 0.41880449999999997 0.15062565781249998 0.423141203125 0.11451192968749999 0.409067365625 0.089843465625 0.3268986859375 0.07593164999999999 0.3237204125 0.0610670546875 0.3487126796875 0.0255321203125 0.334462628125 0.010709078125 0.3345074359375 0 0.29291147031250003 0 0.280869109375 0.0085037265625 0.2509071203125 0.0055533640625 0.2483831359375 0 0.097888125 0 0.059433625000000004 0.0093348078125 0.043242012499999996 0.006770309375 0.036129021875 0 0 0
0 0.1555650234375 0.4939924953125 0.1425516859375 0.5062925921875 0.14852971875 0.52967880625 0.21849106406250002 0.5246032359374999 0.257305896875 0.5415218078125 0.2706977546875 0.535564690625 0.2708739671875 0.5257192703125 0.25849042031249997 0.5165773046875 0.224720365625 0.520204409375 0.20666225 0.5119588312500001 0.18328198906249998 0.4849188 0.166157125 0.4795137609375 0.16930930625 0.4683445359375 0.141037609375 0.48092067343749995 0.1555650234375 0.4939924953125
0 1 0.1906928875 0.832726625 0.1669037828125 0.8093907093749999 0.174055578125 0.8024056390625001 0.19946619375000002 0.805946815625 0.21449085 0.825930565625 0.2285038046875 1 0.25400182656250003 1 0.1906928875
0 0.6296875 1 0.6296875 0.87475520625 0.5745304015625 0.8665614578125 0.5694087515625 0.8595197140625 0.520544884375 0.8595686312499999 0.364139940625 0.8363541609375 0.3513872 0.8249884937499999 0.3494699671875 0.853501146875 0.2838890890625 1 0.3949389578125 1 0.3964734171875 0.9964603265624999 0.4094587109375 0.98994998125 0.48173615 1 0.6296875 1
0 0.7789580968750001 1 0.7664394265625 0.95330674375 0.7918269421875 0.8756773156250001 0.7778897062500001 0.79835149375 0.748735575 0.7757708437499999 0.713383734375 0.8060978437499999 0.6897163953125001 0.8039823140625 0.694414190625 0.8569826359375 0.675082203125 0.8963789656250001 0.7121040765625 0.938168834375 0.6872852984375 0.9571000421875 0.68423059375 1 0.7789580968750001 1
0 0.7702362875000001 0.66875 0.76272295625 0.7012348390625001 0.71157151875 0.748655528125 0.778316259375 0.75432783125 0.8148976125 0.743791665625 0.8864837 0.66875 0.7702362875000001 0.66875
0 0.8452812562500001 0.786163153125 0.8086999015625 0.7966993171875 0.8318626124999999 0.8020009390625 0.8519194859375 0.7855815359375 0.8459280687499999 0.76830250625 0.8452812562500001 0.786163153125
0 0.9033695859374999 0.66875 0.8996026421875 0.704951359375 0.91951733125 0.7032065125 0.9397163890625 0.6721125546875 0.923219403125 0.66875 0.9033695859374999 0.66875
0 0.8144069500000001 0.8433274562499999 0.8350465249999999 0.8645595359374999 0.8818765765624998 0.8719766874999999 0.8966669187499999 0.8612551796875 0.862388440625 0.8296978703125 0.8144069500000001 0.8433274562499999
0 0.8361338546875 0.899024925 0.81867819375 0.94035144375 0.8885928812499999 0.91223264375 0.8510663812499999 0.8736288640625001 0.79233156875 0.8724912249999999 0.8001993109375001 0.8917004437500001 0.8361338546875 0.899024925
0 1 0.7022105375 0.9733480546875001 0.7215305109375001 0.9848262625 0.7592746625 0.9401708718750001 0.8207882890625001 0.9429923421874999 0.8718584234375001 1 0.8497434281249999 1 0.7022105375