0 0 0 0 0.12440974375 0.0127002203125 0.1299128828125 0.034949978124999996 0.1364165421875 0.0613406078125 0.1313802796875 0.0857465765625 0.1356807984375 0.0970518765625 0.1380838140625 0.11374352968749998 0.13897034531250002 0.12181873593749999 0.1406867828125 0.1584408890625 0.1351639078125 0.171550296875 0.1290789640625 0.1938088078125 0.1276001109375 0.196334646875 0.115716971875 0.2159041203125 0.11100515625 0.22326651718749999 0.1081343625 0.2141262140625 0.0955458359375 0.2259727703125 0.0954024421875 0.2626035875 0.081897171875 0.2774997625 0.08328912499999999 0.28487071249999996 0.07243584374999999 0.279682175 0.057138703125 0.2795104859375 0.0500051015625 0.27610874218750003 0.042184728125 0.27037019687499997 0.0374165109375 0.2490137078125 0.0346513765625 0.2368151859375 0.0285099125 0.23466747968749999 0.0227304875 0.2350283078125 0.021032925 0.23306125 0.014404835937499999 0.225474259375 0 0 0
0 0.7 0.2964156953125 0.7022985125 0.29459128125 0.7193621453125 0.2614674625 0.7329511453124999 0.1975362453125 0.7256005015625 0.169245959375 0.7 0.16678061718749998 0.7 0.2964156953125
0 0.1942063625 1 0.13362495624999998 0.9880856109374999 0.041917140625 0.9608767359375001 0.045277490625 0.9760580843749999 0.0624196953125 0.9883820218749999 0.0974017671875 1 0.1942063625 1
0 0.6127360921875 0.9529687656250001 0.620466371875 0.9661855546875 0.640242078125 0.9723179562500001 0.6628762890625 0.95880403125 0.6259583796875 0.9403476937499999 0.6127360921875 0.9529687656250001
0 0 0.751591784375 0.14568215625 0.80739871875 0.2930769546875 0.8329416171874999 0.314364084375 0.8567557812500001 0.3403586453125 0.85842320625 0.36153621406249997 0.8455641374999999 0.3917882015625 0.8519943968749999 0.44993845937500004 0.8759282828125 0.467752734375 0.8912884906249999 0.5288740015625 0.8888486593749999 0.6260161 0.9152836843750001 0.6639983671875 0.9349307312499999 0.6781720875 0.9364278500000001 0.6873541703125 0.8932295406249999 0.68388951875 0.8909351140624999 0.6315081078125 0.889445821875 0.49330317343749996 0.833064234375 0.340474090625 0.8082951890625001 0.32826138125000004 0.8037703531249999 0.301764975 0.7672752546874999 0.2114012984375 0.74613891875 0.1511223265625 0.719823615625 0.0712349328125 0.6989851359375 0.01717481875 0.6682048578125 0.0030584015625 0.647843821875 0.10384063750000001 0.694342025 0.13235619999999998 0.69654530625 0.15566248124999998 0.6860676531250001 0.21807016406250002 0.7147643718750001 0.2579590828125 0.7068469953125 0.2614896578125 0.690236940625 0.2412668859375 0.667613484375 0.21432047031249998 0.658027959375 0.1943774828125 0.640286334375 0.16720606093749998 0.6441555937500001 0.1423883578125 0.6369514828125 0.1569000046875 0.6120663328125 0.1378540921875 0.5839061937500001 0.0552206953125 0.5759866453125 0 0.5565823296875 0 0.751591784375
0 0.34791575468749997 0.9468320234375 0.3178310484375 0.9520109890625001 0.3144129765625 0.96189365 0.3286418953125 0.9755272953125 0.3462888875 0.9792782796874999 0.36231195625 0.9720748921875 0.34791575468749997 0.9468320234375
0 0.5511306421875 0.66017716875 0.5729802796875 0.65035436875 0.5674364375 0.6144549875 0.536345096875 0.593379234375 0.4820022578125 0.601117753125 0.3951114328125 0.5884353703125 0.391693359375 0.5983180328125 0.40340127968750006 0.611415821875 0.45964782968750006 0.61951350625 0.5154443703125 0.6545207609375 0.5511306421875 0.66017716875
0 0.46854907968750004 0.7139948625000001 0.444570728125 0.721436246875 0.43784708281249995 0.7344741734375 0.3651304 0.717088821875 0.33583026562499996 0.7185766640625 0.4042318 0.75626319375 0.48204820625 0.749656246875 0.49129284999999995 0.7371541734375 0.48328278750000003 0.719055553125 0.46854907968750004 0.7139948625000001
0 0.28811034062499996 0.5464021421874999 0.23785764375000001 0.54729426875 0.1740480953125 0.53758901875 0.265698190625 0.5898619046875 0.28373746875 0.591767328125 0.30637168125 0.57825340625 0.30738125625 0.561107496875 0.28811034062499996 0.5464021421874999
0 0.3504901359375 0.46875 0.32660328125000004 0.4706749828125 0.3468260515625 0.4932984375 0.3829046109375 0.497109284375 0.412822034375 0.48032109375000004 0.44996495000000003 0.485322646875 0.44582002656249997 0.47383242187499997 0.4329761109375 0.46875 0.3504901359375 0.46875
0 0.44318358125 0.5234245859375 0.431530440625 0.5286634109375 0.4413894328125 0.5442616171875 0.47259327500000003 0.5586099765625 0.499877196875 0.548013325 0.4817831375 0.527771284375 0.44318358125 0.5234245859375
0 0.7 0.653839128125 0.8657225546875 0.6901644734375 0.87816416875 0.6901280562500001 0.8897299140625 0.6747133453125 0.8962725890625001 0.6439324765625 0.8542881640625 0.626965521875 0.7 0.5911201640625 0.7 0.653839128125