0 0.4749909109375 0.35 0.1213507734375 0.2620822765625 0 0.23277671406249997 0 0.3495800296875 0.0015575609375 0.35 0.4749909109375 0.35
0 0 0.2306351796875 0.4302261828125 0.333451734375 0.39989909375 0.300058834375 0.24909327499999998 0.2451402203125 0.252488509375 0.2034004703125 0 0.146103828125 0 0.2306351796875
0 0 0.1450064 0.1378710828125 0.1757715203125 0.1559592296875 0.1722671796875 0.175492875 0.14049028125000002 0.1753637921875 0.12821435625 0.10050210156249999 0.10250321874999999 0 0.0817202078125 0 0.1450064
0 0.65 0.17951851875 0.60456260625 0.1694730859375 0.57131875 0.188532509375 0.65 0.2096133171875 0.65 0.17951851875
0 0.132355278125 0 0.3492593703125 0.040095010937499995 0.3335140765625 0.01974779375 0.2340176375 0 0.132355278125 0
0 0 0 0 0.0035889640624999996 0.4658109296875 0.0926273921875 0.0649480328125 0 0 0
0 0.1409313921875 0 0.499903753125 0.1039088015625 0.51975590625 0.0775821078125 0.1417409859375 0 0.1409313921875 0
0 0 0.039905687499999995 0.218096578125 0.08177100312499999 0.240717521875 0.0784135734375 0.33895046406249996 0.1058261578125 0.3794565109375 0.1128028515625 0.40011562187500005 0.088614271875 0.3815232359375 0.0773132453125 0 0.001228765625 0 0.039905687499999995
0 0 0.08053253593750001 0.319170746875 0.14734954375 0.3296078734375 0.14548519375 0.33949773125 0.1247235015625 0.339743803125 0.1149770125 0.3295527484375 0.10709487656250001 0.23240224375000001 0.083178634375 0 0.0370962703125 0 0.08053253593750001
0 0.6978778046875 0 0.6744480125 0.061362818750000006 0.65 0.0628023125 0.65 0.2207721828125 0.7039905609375 0.217710625 0.7254395312499999 0.24337310625000003 0.7754893109375 0.275114875 0.846992415625 0.2762444234375 0.879646003125 0.270288659375 0.90872911875 0.2037811109375 0.8715589640625 0.0551912796875 0.8355727921874999 0.0065078703125 0.8198281078124999 0 0.6978778046875 0
0 0.8799002296874999 0.0651711328125 0.9056278843750001 0.2394666015625 0.9721299343750001 0.1867747390625 0.9811892171875 0.1582177171875 0.9509232078125001 0.1107501640625 0.8799002296874999 0.0651711328125
0 0.65 0.35 0.8420859093749999 0.35 0.84817966875 0.3339448203125 0.786452771875 0.2797900484375 0.7430757875 0.2588458984375 0.712093940625 0.22177787031250001 0.69493345625 0.218130296875 0.65 0.2273101765625 0.65 0.35
0 0.65 0.7047950640625 0.6589707578125 0.7067018578125 0.6953883921874999 0.6871927765625 0.7020625593750001 0.6679390875 0.681668590625 0.636354328125 0.65 0.6272939359375 0.65 0.7047950640625