0 0.178125 0.7019230765625 0.1734375 0.703671328125 0.1703125 0.63199300625 0.16640625 0.6416083921875 0.1625 0.5795454546875 0.15625 0.5760489515625 0.1546875 0.47290209843750003 0.1484375 0.47115384687499995 0.146875 0.453671328125 0.12109375 0.43356643281249996 0.05703125 0.43181818125 0.0375 0.4484265734375 0.0515625 0.4921328671875 0.00859375 0.51923076875 0.003125 0.5428321671874999 0.065625 0.985139859375 0.07578125 1 0.2015625 0.9991258734375 0.234375 0.9956293703125001 0.2328125 0.934440559375 0.2078125 0.735139859375 0.20078125 0.7255244750000001 0.18046875 0.7272727265625 0.178125 0.7019230765625
0 0.25546875 0 0.25 0.0043706296875000005 0.25 0.041083915625 0.259375 0.14423076875000002 0.2640625 0.1424825171875 0.259375 0.1756993 0.2640625 0.17919580468750002 0.271875 0.3924825171875 0.321875 0.9921328671874999 0.32734375 1 0.428125 0.9991258734375 0.446875 0.9886363640625 0.4484375 0.96940559375 0.4421875 0.9134615390624999 0.43125 0.8959790203125 0.43125 0.8347902093749999 0.4375 0.8120629375 0.4328125 0.7386363640625 0.421875 0.7124125875 0.428125 0.7071678328125001 0.4203125 0.703671328125 0.425 0.6879370625 0.4203125 0.6879370625 0.415625 0.63199300625 0.421875 0.465909090625 0.396875 0.18444055937499998 0.4015625 0.1512237765625 0.3953125 0.1512237765625 0.396875 0.1372377625 0.3921875 0.1354895109375 0.3890625 0.0113636359375 0.37421875 0 0.25546875 0
0 0.5625 1 0.5765625 0.9956293703125001 0.5671875 0.6547202796875 0.5546875 0.2893356640625 0.54140625 0.2867132859375 0.53125 0.3120629375 0.5390625 0.32604895156249997 0.53203125 0.346153846875 0.51171875 0.3391608390625 0.44296875 0.34440559375 0.4390625 0.38723776249999997 0.471875 0.9956293703125001 0.47890625 1 0.5625 1
0 0.578125 0.997377621875 0.64375 1 0.65625 0.997377621875 0.65 0.541083915625 0.609375 0.5358391609375001 0.5875 0.38024475468749996 0.56171875 0.34440559375 0.578125 0.997377621875
0 0.7078125 1 0.7140625 0.9903846156249999 0.715625 0.7071678328125001 0.70625 0.6302447546875001 0.69453125 0.627622378125 0.66015625 0.639860140625 0.653125 0.65646853125 0.65625 0.9659090906250001 0.66015625 1 0.7078125 1
0 0.9415279828124999 0.528829475 0.9493391859375 0.5061155390625001 0.9496093390624999 0.36756993125 0.9399658859375 0.3820624546875 0.9415279828124999 0.528829475
0 0.8617187140624999 0 0.8618538546875 0.069308809375 0.8743515890625 0.0885283109375 0.8743515890625 0.1182311484375 0.8774762609375 0.132208984375 0.8821627921875 0.11997845 0.8899739953125 0.10949501406249999 0.8946607656250001 0.1042533484375 0.9024719687499999 0.1042533484375 0.9071587375 0.11298948281250001 0.9087210734375001 0.14094511875 0.9118455078125001 0.1671535234375 0.9196567109375 0.17588965781250002 0.9196567109375 0.14094511875 0.9290300109375 0.0885283109375 0.9274679140625001 0.08153937812499999 0.9274679140625001 0.0535837734375 0.9180943750000001 0.030869804687500002 0.9165322765624999 0 0.8617187140624999 0
0 0.71656543125 0 0.729063403125 0.23878983437499998 0.754059109375 0.2108341625 0.7523437140625 0 0.71656543125 0
0 0.7587458796875 0 0.7634326484375 0.046594871875 0.7712438515625 0.057078207812500004 0.775930621875 0.050089371875 0.8024886640625001 0.0378587375 0.79936423125 0 0.7587458796875 0
0 0.8868495624999999 0.7437383718749999 0.8837251281249999 0.598718553125 0.8759139250000001 0.740243971875 0.8868495624999999 0.7437383718749999
0 0.8602915187500001 0.5882352171874999 0.8587291828125 0.7874191125000001 0.87122715625 0.7874191125000001 0.8792968390624999 0.594842659375 0.8602915187500001 0.5882352171874999
0 0.8587291828125 0.8468248546874999 0.8578124640624999 0.520541959375 0.8415446796875001 0.8293525859375 0.8587291828125 0.8468248546874999
0 0.8259222734374999 0.4816543359375 0.8149866375 0.8922527265625 0.8368579109375001 0.8957471281249999 0.8421874640624999 0.500874128125 0.8259222734374999 0.4816543359375
0 0.7868662578125 0.96738340625 0.8102998671874999 0.9796140734375 0.79936423125 0.3593484515625 0.7868662578125 0.96738340625
0 0.8220620203125 0.6913215640625 0.8247292609375 0.31075175 0.7955039765625 0.3244039125 0.8220620203125 0.6913215640625
0 0.7609375 0.478146853125 0.7671875 0.577797203125 0.759375 0.5987762234375 0.7515625 0.9938811187500001 0.778125 1 0.7859375 0.997377621875 0.790625 0.9396853140625 0.796875 0.44318181875 0.78984375 0.4230769234375 0.7625 0.4379370625 0.7609375 0.478146853125
0 0.72109375 0.47902097968749996 0.7171875 0.48863636406250005 0.715625 0.997377621875 0.721875 0.997377621875 0.72265625 0.98076923125 0.73359375 0.98076923125 0.734375 0.997377621875 0.75 0.9991258734375 0.75625 0.9274475531249999 0.7609375 0.584790209375 0.7578125 0.48688811249999997 0.75234375 0.475524475 0.74296875 0.47377622343750003 0.72109375 0.47902097968749996