0 0.4890625 0 0.4890625 0.051949253125 0.489983128125 0.0528085125 0.4890625 0.061867259375000004 0.4890625 0.190652328125 0.5737905140625 0.186540659375 0.597826971875 0.1686765828125 0.6148305390625 0.17710204375 0.63658875625 0.1360183796875 0.654706078125 0.1546003671875 0.6802645484375 0.2239323109375 0.70804336875 0.1522156515625 0.7619870765625001 0.1309221234375 0.791539190625 0.10714693281250001 0.833591503125 0.10205177812499999 0.8497833312499999 0.06397269531250001 0.8434052031249999 0.02047273125 0.84537131875 0 0.4890625 0
0 0.4890625 0.2892328671875 0.495054115625 0.2896746921875 0.507554315625 0.3083547265625 0.5241012781250001 0.2906213828125 0.5254155796875 0.2586168265625 0.5401916375 0.24672923125000001 0.5454028890625 0.2233789109375 0.5386720140625 0.21332043125000003 0.5014782015625 0.22850674999999998 0.4890625 0.226321715625 0.4890625 0.2892328671875
0 0.579562225 0.248949434375 0.5838143109375 0.277949409375 0.5991484390624999 0.2980336875 0.6094211281249999 0.29640066875 0.6283454140625 0.253912759375 0.6238903953125 0.2132866484375 0.61528714375 0.20326085 0.579562225 0.248949434375
0 0.6959161515625001 0.35 0.699043796875 0.3340864625 0.6790033671875 0.312630621875 0.6276399171875 0.32079572343749996 0.62440250625 0.34992642812499997 0.6244341765625 0.35 0.6959161515625001 0.35
0 0.7343652328125 0.3189328265625 0.7329978078125 0.2942436296875 0.7134647171875 0.301853128125 0.7176660671875 0.32794656875 0.7343652328125 0.3189328265625
0 0.7238364875000001 0.25224595625 0.7335534921875 0.27242828281250003 0.7529851171875 0.2590057140625 0.7628519375 0.234120421875 0.74858083125 0.2212861375 0.72813691875 0.23036524531250002 0.7238364875000001 0.25224595625
0 0.7949843109375 0.1972168046875 0.7762605703125001 0.1975436296875 0.7699355640625 0.2107374203125 0.77393398125 0.225204725 0.8084967984375 0.2202403 0.8185158187500001 0.2040746109375 0.8180592140625 0.177915803125 0.8095066984375 0.170796540625 0.7949843109375 0.1972168046875
0 0.4890625 0.35 0.3572394765625 0.35 0.3507952671875 0.36220419531250003 0.335816275 0.36246565468749997 0.3287423140625 0.38640228125 0.31370396093749997 0.38326289999999996 0.3010722375 0.4106984171875 0.2897786328125 0.40749366875000004 0.251171121875 0.44899010937500006 0.23619212968749997 0.44925156875 0.20522499375 0.3919601640625 0.1767832125 0.3720453453125 0.1431992046875 0.37943531249999995 0.0786752703125 0.43839352031249995 0.06495895625 0.457343271875 0.05625006875000001 0.4949159515625 0.05783676250000001 0.6394680984375001 0 0.6898594296875 0 1 0.0726193453125 1 0.1435726921875 0.9373368953125001 0.18764644531250002 0.9943995234375 0.2335652109375 1 0.23686949531249998 1 0.3158310953125 0.9343301140625 0.33293598593749996 0.8949099421875001 0.32910466875 0.7827148234375 0.33545021249999996 0.7706974843750001 0.39272209999999996 0.725473378125 0.4890625 0.6180788765624999 0.4890625 0.35
0 0.6854243359375001 0.4419023453125 0.6818005328125001 0.4508666296875 0.6822739921875 0.5398686859375 0.6954502781249999 0.6140836890625 0.7105385265624999 0.612201953125 0.6990915125 0.5751792640625 0.69537880625 0.4862337484375 0.69791205 0.44573029374999995 0.6854243359375001 0.4419023453125
0 0.619816915625 1 0.617723334375 0.740054865625 0.6247732562499999 0.710801159375 0.6230547921875 0.7051668624999999 0.618820515625 0.7100958796875 0.6101260421875 0.7070109046875 0.6055246453125 0.6909075265625 0.597994640625 0.6926573328125001 0.5978816796875 0.6861858265625 0.5891307265625001 0.6798650984375 0.5545222734374999 0.6772324515625 0.5190317531249999 0.6859437890625 0.5072674734375 0.6926226109375 0.5016536140625 0.7113318515625 0.509081465625 0.7346685546874999 0.5209022265625001 0.7312254828125 0.5254753828125 0.745710984375 0.5373526234375 0.745503665625 0.5436334390625001 0.7340654484375 0.55553891875 0.7354760046875001 0.55855224375 0.722476453125 0.5736404921875 0.7205947171875 0.5773033421875 0.7448063234375001 0.5890676218750001 0.7381275 0.6060437750000001 0.7515873203125001 0.6068344984375 0.7968878640625 0.602797903125 0.8131420171875 0.6095023203125 0.8259719453125001 0.613779828125 0.947274990625 0.6141502671875 1 0.619816915625 1
0 0.8677391203125 0.36751177031250004 0.8566417968750001 0.38146161562500003 0.8605040718750001 0.66460885625 0.8644949953125 0.676676965625 0.88033491875 0.6869198796875 0.8991881671874999 0.6841632421874999 0.9113652406250001 0.67019455 0.905174028125 0.37737774375 0.887146365625 0.36555464843749996 0.8677391203125 0.36751177031250004