0 0.0522960734375 0 0 0.10833800625000001 0 0.178418690625 0.014338423437500001 0.18439803593749998 0.1311432359375 0.211975928125 0.1828276328125 0.21850112031250002 0.2128809703125 0.2172880796875 0.3768138234375 0.237796946875 0.38854120625 0.247226625 0.3896832078125 0.264833753125 0.3837663453125 0.2784201359375 0.3772770265625 0.2760986640625 0.3753426125 0.280267125 0.357698365625 0.28442383125 0.3565621875 0.29523385156250004 0.3122891484375 0.3463207015625 0.30147798593749997 0.363764446875 0.3046680171875 0.3761221140625 0.2984073921875 0.3787429265625 0.2973848296875 0.3884719453125 0.30296374843749996 0.39233714375 0.29362961875 0.39572786249999997 0.2898773171875 0.4171923546875 0.2792933890625 0.43247409687499994 0.2668857515625 0.43663472031249995 0.270984728125 0.4403443703125 0.2642696296875 0.44728919375 0.242299171875 0.4498982515625 0.2354889328125 0.459375 0.505820325 0.459375 0.52234203125 0.44053243750000004 0.55 0.38960352343750004 0.55 0 0.4882791078125 0 0.47024110312499995 0.06782730000000001 0.45681381718749997 0.095925515625 0.427560171875 0.11088440625 0.3488988515625 0.11901092499999999 0.26568117343750003 0.113543225 0.2176383703125 0.10084311718750001 0.1960058546875 0.0860005953125 0.20317251406249998 0.060523190625 0.21739803593749998 0.0390665328125 0.214094384375 0.027789868750000002 0.223428515625 0.02439915 0.2194431578125 0.019608496875 0.23549238749999998 0.00927295625 0.23953075625000003 0 0.0522960734375 0
0 0 0.33797218125 0.00549078125 0.339759071875 0.109430575 0.361613021875 0.179101528125 0.367842790625 0.23340204843749998 0.3637135109375 0.2655019640625 0.35014671875 0.28746805468750003 0.3262247984375 0.2994139421875 0.2908667453125 0.28449361562500003 0.25487082656250004 0.2618356296875 0.235548746875 0.0898184421875 0.2065395734375 0.005231528125 0.18562675 0 0.183812890625 0 0.33797218125
0 0.1879657078125 0.459375 0.2116631921875 0.3854734296875 0.21029395625 0.370028303125 0.0952006875 0.36175681718749997 0.09452189062500001 0.38245140312500003 0.103978371875 0.42060540937499996 0.11867000781249999 0.45165904375 0.12719574843749998 0.459375 0.1879657078125 0.459375
0 0.25975841875 1 0.2672271453125 0.9562665578124999 0.25581216093750003 0.9115592249999999 0.21403631562499997 0.8950829703124998 0.20733095937499998 0.9282174296874999 0.22461854374999998 0.978376171875 0.223746784375 1 0.25975841875 1
0 0 0.9539643015625 0.078830290625 0.9703044703125 0.1695898765625 0.965341165625 0.1947457875 0.9099750640625001 0.1871932375 0.8898445625000001 0.0722683875 0.8487604265625001 0 0.8396176140625 0 0.9539643015625
0 0.55 0.7081597921875 0.4978662921875 0.7242964640625 0.43863775625 0.674563725 0.38846216875 0.58469200625 0.44197599531250004 0.5661456640625 0.44918389062499997 0.5282298484375 0.4349187703125 0.495308390625 0.406733178125 0.487511790625 0.3745272625 0.5179660328125 0.327718790625 0.503377915625 0.283265134375 0.5277106953125 0.24920694375000002 0.5144626859375 0.209103828125 0.466740109375 0.17119041875000002 0.47484068593749995 0.1713699640625 0.549789259375 0.26197166250000004 0.607653625 0.33832989687500004 0.7703727796875001 0.3690354078125 0.8001880187499999 0.374075253125 0.8442252984374999 0.357469753125 0.864233775 0.343039525 0.8482145734375 0.319053803125 0.87711570625 0.321746053125 0.9281575046875 0.3806299390625 0.9198439281249999 0.44705193281250005 0.8398100203125001 0.50107551875 0.8624077390625 0.45914900468750003 0.9546845734375001 0.4252631390625 0.970459721875 0.41709181093750003 1 0.4873874015625 1 0.5178677828125 0.9632732515625001 0.55 0.9451715234375001 0.55 0.7081597921875
0 0.46162565625 0.459375 0.466794471875 0.4986586609375 0.49883528125 0.48510667500000004 0.5036387125 0.459375 0.46162565625 0.459375
0 0.1302617671875 0.51162939375 0.093690871875 0.5222881593750001 0.0697051515625 0.55118929375 0.06568482656249999 0.5894401359375 0.08414259843750001 0.613133909375 0.134138640625 0.6280570546875 0.1507441390625 0.608048578125 0.154929571875 0.5528954781250001 0.13848918125 0.5560016984375 0.1302617671875 0.51162939375
0 0 0.69613948125 0.0172180625 0.6979491718749999 0.0475789234375 0.66971809375 0.0598194453125 0.6299141421875 0.001265775 0.6044232046875 0 0.6098893625 0 0.69613948125
0 0.5244843015625 0.459375 0.5308760890625 0.47155468906250003 0.53729809375 0.459375 0.5244843015625 0.459375
0 0.4555169515625 0.459375 0.46226438593749997 0.49576544218749996 0.48591989375000005 0.5006688234375 0.50468198125 0.459375 0.4555169515625 0.459375
0 1 1 1 0.459375 0.804627459375 0.459375 0.841957009375 0.69328898125 0.8043687500000001 0.73202496875 0.7700694171875 0.83513664375 0.7722358859374999 0.9420810296875001 0.8233599140625 0.9818408671875 0.860548 1 1 1