0 0.359375 0.0909205375 0.2599065921875 0.13980589062499998 0.1941838078125 0.197083975 0.150756903125 0.27684591406250003 0.1965054625 0.361019790625 0.2305236640625 0.3715869140625 0.23667563593750002 0.392534784375 0.2416707984375 0.37427649218750003 0.253973134375 0.3990675390625 0.26723305 0.3881115984375 0.35372054531249997 0.4207753671875 0.359375 0.42033340625 0.359375 0.0909205375
0 0.38887663125 0.153562571875 0.3731259953125 0.18456700312500002 0.404772359375 0.2422601234375 0.3833213375 0.288264646875 0.41181919999999994 0.3124745203125 0.4263644109375 0.4151679171875 0.45336260156249997 0.432881990625 0.4181121421875 0.47865135 0.44090962031250003 0.5178613171875 0.43985741093749997 0.5728404578124999 0.46415659375 0.56894105625 0.5028538640625 0.5976382375 0.5313537578125 0.5722429421874999 0.5402067109375001 0.4915157625 0.5084111890624999 0.4133309953125 0.5252140359374999 0.3273474234375 0.5007697609375 0.21154484375 0.459526703125 0.08251549999999999 0.4439272515625 0.084406409375 0.422327075 0.10991928437500001 0.38212809999999997 0.1243314703125 0.38887663125 0.153562571875
0 0.359375 0.38399756875 0.3926176890625 0.36822274374999997 0.388419009375 0.34011346875 0.384970165625 0.3152520953125 0.3642710125 0.31489935 0.359375 0.335671328125 0.359375 0.38399756875
0 0.60875033125 0.5800321390625001 0.5868518437500001 0.5645617203125 0.563302496875 0.5717090234375 0.6018506125 0.5799145578125 0.6037997828125 0.5982801328125 0.60875033125 0.5800321390625001
0 0.6495520203125 0.4987710390625 0.6335030734375 0.4887921765625 0.5856545437499999 0.4998388796875 0.56585438125 0.5232256828125 0.6164019171875 0.533792453125 0.6495520203125 0.4987710390625
0 0.601554334375 0.4893260953125 0.6375546296875 0.4468046359375 0.5633085921875 0.42289352031250005 0.58430605625 0.464229559375 0.5477071109375 0.47438959687500004 0.540956546875 0.49476366406250005 0.601554334375 0.4893260953125
0 0.8444839343750001 0.61875 0.8401902078125 0.600151828125 0.901991390625 0.5106215984375 0.809743175 0.5575763796875 0.7627956671875 0.5427574640625 0.7632471953125 0.5050220703125 0.6966507125 0.48447643593749995 0.6973985171875 0.5373295031249999 0.747944021875 0.597501440625 0.7430514171875 0.61875 0.8444839343750001 0.61875
0 0.7037056796875 0.35627016093749997 0.7158562875 0.3295178765625 0.7551542390625 0.3409713125 0.7808039421874999 0.3230760625 0.7056589125 0.2754254 0.7587583312499999 0.23750883125 0.8058570249999999 0.22321422812499997 0.7839585375 0.207743809375 0.7121111671875 0.214068040625 0.70176260625 0.189089084375 0.676112903125 0.2069843328125 0.7037056796875 0.35627016093749997
0 0.6246941625 0 0.604721121875 0.076362834375 0.6542164484375 0.141908746875 0.631271846875 0.0326019671875 0.639199625 0 0.6246941625 0
0 1 0.7277276921875 0.57311709375 0.817016834375 0.359375 0.8688106718749999 0.359375 0.9450464000000001 0.841942496875 0.8336369156250001 1 0.8011959375 1 0.7277276921875
0 0.359375 0.8658493703125 0.3870527984375 0.8582626546875 0.380923321875 0.8134940703125 0.361113678125 0.7231343578125 0.359375 0.722854934375 0.359375 0.8658493703125
0 0.395244615625 0.6938732734374999 0.42935757500000005 0.850206334375 0.48133176874999994 0.8339308781250001 0.45864484687499996 0.7219988484375 0.4468169765625 0.6819668562500001 0.395244615625 0.6938732734374999
0 0.7468265109375001 0.7769128546874999 0.7228927656249999 0.668689690625 0.7022896828125 0.634104628125 0.7027367765625 0.622883115625 0.65930859375 0.6329093015625 0.6622431296875 0.6792707484375 0.6897342421875 0.789238390625 0.7468265109375001 0.7769128546874999
0 0.5687704796874999 0.653811671875 0.5991347078125 0.8067339265625 0.6569768125 0.7976562921875 0.6564711109375001 0.7772469609375 0.6221670234375 0.6414841078125 0.5687704796874999 0.653811671875
0 0.4830363015625 0.6736049656249999 0.5156499078125 0.82771841875 0.5671271140625 0.8183997296875001 0.5691150578124999 0.7905726671875 0.538187475 0.6608723140625 0.4830363015625 0.6736049656249999
0 0.395244615625 0.6938732734374999 0.42935757500000005 0.850206334375 0.4817066875 0.835554828125 0.466143215625 0.75447785 0.44838228437499994 0.6816054765625 0.395244615625 0.6938732734374999