0 0 0.31875 0.12126970625 0.31875 0.180949503125 0.2409641875 0.1847623875 0.23168911875 0.1844635328125 0.20236946718749999 0.174408328125 0.17424774375000002 0.1601141203125 0.15193064843749998 0.13835868125 0.138749453125 0.12306248281250001 0.14591173125 0.025939196874999997 0.290527659375 0.0184705765625 0.2861605484375 0 0.23758646562500002 0 0.31875
0 0.8376864812499999 0 0.7931983125000001 0.0225951171875 0.7241443593750001 0.078971884375 0.7027342734375 0.10637554375 0.6661095453125 0.1174791171875 0.6127563203124999 0.15375986875 0.60816020625 0.16340830312500002 0.6598852640625 0.1743996484375 0.6844919234375 0.17302998593750002 0.79599323125 0.13951948125 0.8384982624999999 0.1359521734375 0.8490591140625 0.1883342671875 0.88103005 0.21331270156249998 0.9370670046875 0.15853421875 0.948057309375 0.1538814703125 0.96187345 0.1587916828125 0.9756329562499999 0.14306315625 0.9808583093750001 0.078007 0.9770623781250001 0.047091628125 0.9722098421875 0.0344742015625 0.9561672171875 0.0248824 0.9639858578125 0 0.8376864812499999 0
0 0.509375 0.606602534375 0.4881395015625 0.6078729578125 0.44683318437499997 0.6212030125 0.43427239218749997 0.6466942890625 0.402071790625 0.6803778218750001 0.3851991015625 0.7716389234375 0.3922781203125 0.7889379390625 0.45396571406249997 0.80035769375 0.4866802 0.7641335765624999 0.49707218593749997 0.7075271437499999 0.509375 0.7097749296875 0.509375 0.606602534375
0 0 0.7082079718750001 0.00194223125 0.71051351875 0.0269484609375 0.7123981046875001 0.037595825 0.72512984375 0.0541512921875 0.7792533749999999 0.045158848437499996 0.8001773734375 0.07244819687500001 0.8273822890625 0.1309958515625 0.8334067828125 0.153832234375 0.8512485203125 0.1677050125 0.8767974734374999 0.1780959578125 0.8672633484375 0.200218671875 0.8860185406250001 0.23316073906249998 0.8852770750000001 0.2736112765625 0.8447997812499999 0.2862307875 0.7458026296875 0.3107530125 0.6899387031249999 0.30578720625 0.636043796875 0.2638537359375 0.6106369546874999 0.19574311718749998 0.6074383 0.1912901515625 0.598075121875 0.1784729390625 0.6013005328125001 0.175133215625 0.5942781500000001 0.13759503125 0.6046680531249999 0.1389935328125 0.6160579265624999 0.12272228437499999 0.618055784375 0.12015286562500001 0.6307586875 0.1074211265625 0.641406053125 0.0522986671875 0.6498258953125 0 0.6780069203125001 0 0.7082079718750001
0 0.509375 0.9111451984375 0.49532658281249997 0.9018109937500001 0.5002367953125 0.8879948515624999 0.486620440625 0.8847117624999999 0.472889771875 0.8872235046875 0.4713481203125 0.8948452453125 0.480025425 0.925161259375 0.49678171875 0.93383960625 0.509375 0.9257172593749999 0.509375 0.9111451984375
0 0.38448230781250003 0.913769303125 0.373806103125 0.9142543484375001 0.3712366859375 0.9269572499999998 0.3884213890625 0.9256730609375001 0.3915901640625 0.917851534375 0.38448230781250003 0.913769303125
0 0.118235275 0.8572709343749999 0.094427759375 0.8651490953125001 0.096625403125 0.8830474687500001 0.1052460734375 0.89272474375 0.1269125796875 0.8875869484375001 0.118235275 0.8572709343749999
0 0.056923621875 0.6269606718749999 0.05546744375 0.6420043671875 0.0970590203125 0.63772339375 0.11701292968749999 0.625363428125 0.12497760468750001 0.609520590625 0.1431900765625 0.603155240625 0.13465488125 0.6008999203125001 0.1207244265625 0.6017845375 0.1093057140625 0.6163998234375001 0.090008840625 0.6072075921875 0.0708829140625 0.6128592718749999 0.056923621875 0.6269606718749999
0 0.17250716093750001 0.5863423109375001 0.189691865625 0.585058121875 0.21324191718750002 0.6019864046875 0.23316698749999998 0.602843225 0.233024878125 0.57478253125 0.28657788906250004 0.54012890625 0.3506927921875 0.510785065625 0.3740152625 0.4922306984375 0.36996186875000003 0.486121771875 0.31797934687499996 0.49993687343750004 0.2147846109375 0.5472923562500001 0.18483932812499998 0.572440696875 0.171422759375 0.5707847328125 0.17250716093750001 0.5863423109375001
0 0.36350792187500003 0.6017042703125 0.4674441265625 0.5872908546875 0.478748525 0.5784703984374999 0.467273178125 0.5724469453125 0.4290501640625 0.5705335187499999 0.37230057968749997 0.579153146875 0.3463808953125 0.5765548890625001 0.2693921453125 0.5884854031250001 0.25026621875 0.5941370828125001 0.24547031718749998 0.60215839375 0.273616484375 0.6094382390625 0.36350792187500003 0.6017042703125
0 0.509375 0.883242653125 0.520777703125 0.8876936453125002 0.5746543234375 0.8827310171875 0.5878668046875 0.8827613796874999 0.6255049734375 0.8665716843750001 0.650503165625 0.8684601234375 0.6767555453125 0.853668428125 0.6987278906250001 0.8443601484375 0.7257797546875 0.8360807703125002 0.7367385343749999 0.8446508546875 0.7266340171875 0.8161445046875 0.7054887359374999 0.81874081875 0.6941027 0.8201388484375001 0.6518120125 0.8253314921874999 0.6433067078125 0.8098496781249999 0.6498403234375 0.79582655625 0.652920953125 0.7805747578125 0.602552096875 0.7603174859374999 0.601952384375 0.7554332296874999 0.601779815625 0.7405809359375 0.56256975625 0.73052178125 0.5630242203125 0.7073294296875 0.5890492484375 0.7041339578125 0.6167009421875 0.70073875625 0.6149291531250001 0.672861865625 0.639554853125 0.6582697765625 0.666406953125 0.6483624015625 0.6571020453124999 0.62636835 0.64206310625 0.624909534375 0.6368110093749999 0.609028275 0.6486513984375 0.584438034375 0.666343809375 0.5806129671875 0.67655765 0.556222378125 0.64670715 0.541708709375 0.6243623359375 0.534536653125 0.627842778125 0.5225410640625 0.5991915750000001 0.517795921875 0.556700990625 0.5213605234375001 0.548995278125 0.512390884375 0.53275708125 0.5011638515625 0.523397384375 0.50561825625 0.525196503125 0.520270896875 0.5546199796875 0.544752525 0.5434065203125 0.5610029109375001 0.5230607234375 0.570111540625 0.5153276921875001 0.5743662125 0.509375 0.57959790625 0.509375 0.7337063609375 0.53708965625 0.7650500234375001 0.541142465625 0.771162815625 0.544368225 0.7839877000000001 0.53906134375 0.794554959375 0.5705658234375 0.7956445234375 0.5912839796875 0.803016371875 0.6119747984374999 0.8236124078125 0.5812152703125 0.8554836437500001 0.55439063125 0.8521668171875 0.52188664375 0.8429369093750001 0.509375 0.8444731453125 0.509375 0.883242653125
0 0.7016463078124999 0.6126359359375 0.710551415625 0.631373896875 0.7225096859375 0.6480842046874999 0.7671445515624999 0.6888770187500001 0.80122043125 0.7243557734375 0.8304438843749999 0.747209375 0.8521615468749999 0.7627215671875 0.839694015625 0.7956520046875 0.8079623078125 0.806158646875 0.7715782062500001 0.805668225 0.7508052765625 0.8247449546875 0.7595104796875 0.8418548109374999 0.7871347203125 0.851683878125 0.8300251124999999 0.8513754265625 0.8593033468750001 0.8477805109375 0.898967984375 0.8346472375000001 0.9097541921874999 0.82836503125 0.92079508125 0.79726235 0.9204226046875 0.7807819515625 0.9192231984374999 0.771013565625 0.9412228640624999 0.7484809734375 0.9410504109375001 0.7336286015625 0.9321179781249999 0.7281149499999999 0.866028384375 0.7411875593749999 0.8501899749999999 0.733216553125 0.839685653125 0.7014540531250001 0.8211937515625 0.6987667468750001 0.814714778125 0.68634124375 0.8255284515625 0.6668348953125001 0.8259282499999999 0.670090984375 0.8452197625 0.6792905890625001 0.8771240468749999 0.683636303125 0.8843120265625 0.6480488734375001 0.8892191015625001 0.634225465625 0.8957527140625 0.6202022828125 0.890300575 0.602692871875 0.8836491796875 0.575415246875 0.8812503640625 0.5558784718750001 0.8443485374999999 0.5108310453125 0.82037716875 0.503858578125 0.802657546875 0.5209078203124999 0.795724125 0.53167479375 0.787418734375 0.517821146875 0.7904993625 0.502569346875 0.7931527328125 0.4972856640625 0.8027669859375 0.46801080312500004 0.78630143125 0.46837993281249996 0.773261515625 0.483201865625 0.760648753125 0.4880558203125 0.75363335 0.5384956031250001 0.7526338421875 0.5303552609375 0.7334874546875 0.5492322765625 0.7241005578124999 0.5669109750000001 0.7029004953125 0.59595580625 0.7016463078124999 0.6126359359375
0 0.9066398671875 0.4668250625 0.8983071390624999 0.4661956046875 0.8978800046875 0.4761637046875 0.905785615625 0.4867613875 0.9181984796875 0.4802793875 0.9169990734375 0.47051100156250003 0.9115196140624999 0.4662259046875 0.9066398671875 0.4668250625