0 0.5368836859375 0.2264869171875 0.5519520484375 0.197937075 0.5175209765625 0.1756093125 0.2309533375 0.14709587500000001 0.2817308640625 0.1860746796875 0.3887304359375 0.20302174687500002 0.3902385609375 0.22013502968749998 0.396961171875 0.2043253671875 0.4257687484375 0.2088880390625 0.42316150781250006 0.22534951250000002 0.45457632343750004 0.21345071093749998 0.46019982031250006 0.2312158046875 0.5368836859375 0.2264869171875
0 0.61875 0.2939620015625 0.6163537734375 0.2840721921875 0.5200771625 0.266011071875 0.167663634375 0.2270686703125 0.24875686562500002 0.28772343125 0.592070578125 0.3308493671875 0.61875 0.3130500859375 0.61875 0.2939620015625
0 0.367565603125 0.0702990234375 0.4869112765625 0.0892015203125 0.5258027671875001 0.0700497 0.3588108375 0.0323511640625 0.32414973125 0.0381109953125 0.367565603125 0.0702990234375
0 0.5143897046875 0.1554265453125 0.549165828125 0.1356229125 0.3245587453125 0.088799034375 0.3456596140625 0.12870232343750002 0.5143897046875 0.1554265453125
0 0.61875 0.41773346250000004 0 0.353074103125 0 0.39840719375 0.49539786250000006 0.4617828765625 0.6041355921875 0.4677556296875 0.61875 0.460558875 0.61875 0.41773346250000004
0 1 0 0.7120871984375 0 0.6798306171874999 0.007778214062499999 0.622330603125 0.0436884328125 0.61875 0.0508231359375 0.61875 0.6 0.7523579218750001 0.6 0.7665223531249999 0.581252559375 0.7733466765625 0.538165484375 0.79421598125 0.4922066140625 0.7984155656249999 0.465691490625 0.834281978125 0.4323005328125 0.8369067187500001 0.41572858124999995 0.8295059359374999 0.387376140625 0.8454860078124999 0.35083549375 0.8515229078125 0.3127200046875 0.9248074515625 0.2844061109375 0.9613712249999999 0.2519749859375 0.9771865937499999 0.19502305 0.9735427968749999 0.153675521875 1 0.14891322499999998 1 0
0 0.61875 0.8019578640624999 0.58708678125 0.7736726515625 0.5466398640625 0.7180022453125 0.5293705515625 0.7144176718749999 0.49054999062500004 0.7235580031250001 0.4601646921875 0.7866961234375001 0.47478613750000004 0.8552638453125001 0.4518621828125 1 0.5718212328125001 1 0.5733841703125 0.972806259375 0.5920044 0.88741953125 0.603244521875 0.9129825296874999 0.61875 0.93166468125 0.61875 0.8019578640624999
0 0.27329579531250003 1 0.289381071875 0.9533060921875001 0.265325984375 0.9121232671874999 0.2603698171875 0.8790617140625001 0.3026025390625 0.848377846875 0.31814001406250003 0.8253572359374999 0.323209371875 0.8040761734374999 0.3207724640625 0.7926482187499999 0.28781639062500003 0.759398834375 0.294010284375 0.7578317 0.2962747796875 0.7649854296875 0.319483221875 0.7525229984374999 0.3139043375 0.744844321875 0.330491709375 0.71519493125 0.31628973125000004 0.68151836875 0.23379021562500002 0.6446689921875001 0.19332017031249998 0.6374097828124999 0.0935359234375 0.6292499625 0.07006500624999999 0.6433695875 0.06307598125 0.6660453734375 0.067162375 0.6938728656250001 0.086245875 0.73426826875 0.11204821875 0.7697821484375 0.13149967499999998 0.77031480625 0.11092893749999999 0.9216445156249999 0.11545792656250001 0.9359519734375 0.1399556109375 0.9636147625 0.13519651093750001 1 0.17745246875 1 0.17762079375 0.9993087656250002 0.1788162390625 1 0.27329579531250003 1
0 0.61875 1 0.7680757593750001 1 0.7670819124999999 0.9974451765625 0.785949196875 0.942675384375 0.7972947984375 0.9300328312499999 0.822940146875 0.9289983546875 0.8383875625 0.9119091656249999 0.8373453765625 0.9024008796875 0.77359995625 0.865124325 0.71751779375 0.8545430171875001 0.7048752406250001 0.8431974140625 0.70270080625 0.830112265625 0.6861288546875001 0.8274875265624999 0.6879661718750001 0.8158871609375 0.64994074375 0.8039188390625001 0.64627381875 0.81098250625 0.63327873125 0.8072255203125 0.628389496875 0.81664374375 0.61875 0.8167596312500001 0.61875 1
0 1 0.8603914890625 0.979115290625 0.849259896875 0.9326237625000001 0.8478420484375 0.8957228734375 0.85558765625 0.8406906062499999 0.8383775671875 0.8136505328125001 0.8374923734374999 0.803354828125 0.8435061453125 0.796103328125 0.867839125 0.8090907062499999 0.887733178125 0.8530475546874999 0.8997915609374999 0.8473708999999999 0.9141813687500001 0.8920482375000001 0.8787883890625 0.8935253109375001 0.890913703125 0.9072177578125 0.895630525 0.9052080281249999 0.9029566656250001 0.9831785546875 0.9254985859375001 1 0.9261713125 1 0.8603914890625
0 0.69110815 0.8121378828125 0.6822972265625 0.814139903125 0.7006987859375 0.8213013421875001 0.7082796921875 0.8377909421874999 0.7282483859375001 0.851146275 0.7706381 0.8570107609375001 0.769685975 0.8415710578125001 0.7559111765625 0.8266485921875001 0.73654978125 0.8201845140625 0.716483315625 0.828897665625 0.7053255468749999 0.8135403140624999 0.69110815 0.8121378828125