0 0.29246056875000004 0.5890625 0.296174109375 0.579633346875 0.33343598281250003 0.5282765984375 0.34188530625 0.4803581 0.36453793437500004 0.4536851234375 0.387570296875 0.44667206718749997 0.40110250468749997 0.44991002812499997 0.41239773125 0.3931227921875 0.397726309375 0.3309050671875 0.36817500625 0.3239906390625 0.353477375 0.327362125 0.3357515921875 0.3915341609375 0.3234994 0.3374098234375 0.31084125937499996 0.32921477656250003 0.2790267671875 0.3278643609375 0.271763590625 0.398140578125 0.2795363359375 0.426770896875 0.2927095296875 0.439316103125 0.27677881718749997 0.45695191875 0.279889865625 0.5120200296874999 0.23763012031250003 0.5890625 0.29246056875000004 0.5890625
0 0.4390625 0.0524550953125 0.40161877187500006 0.047067514062499996 0.36191694218750003 0.0613637078125 0.32554985937500003 0.1367305359375 0.32351036875 0.1482970703125 0.3357211109375 0.144487078125 0.3387230546875 0.149275740625 0.32467030625 0.2362439984375 0.382004053125 0.2310198609375 0.41088426250000004 0.21992673125 0.4001979578125 0.20782003124999998 0.4090946765625 0.171906571875 0.4390625 0.16789271562500002 0.4390625 0.0524550953125
0 0 0.3861585953125 0.1098037734375 0.3423229171875 0.23628154375000002 0.27943756406250003 0.28611317812500003 0.21496358125 0.2949422390625 0.186705003125 0 0.3192544703125 0 0.3861585953125
0 0.3586858171875 0.145128903125 0.3333695390625 0.1287388078125 0.31517563437499996 0.1519386390625 0.2897654890625 0.20879263906249998 0.10188474218750002 0.5181151140625 0.126909665625 0.536157571875 0.1448536625 0.57254443125 0.1659818515625 0.5617881453125 0.208176053125 0.4533740796875 0.293344659375 0.3048329546875 0.3586858171875 0.145128903125
0 0.17628160625 0.5890625 0.2027024625 0.5716704531250001 0.223294871875 0.52759684375 0.273438584375 0.4904376640625 0.27736152812500003 0.4536471953125 0.2916117640625 0.43827066875 0.27346479375 0.4248484515625 0.2071666703125 0.47364092968750005 0.18276590625 0.510228078125 0.170955628125 0.56266515625 0.15706440625 0.568734440625 0.15714870625 0.5890625 0.17628160625 0.5890625
0 0.3166398828125 0.5890625 0.3722844703125 0.5479046546874999 0.3451993296875 0.5124615671874999 0.296174109375 0.579633346875 0.2951995890625 0.5890625 0.3166398828125 0.5890625
0 0.23505655937499997 0.5890625 0.2422689765625 0.5726840203125 0.2164583671875 0.5809109343750001 0.2103951671875 0.5890625 0.23505655937499997 0.5890625
0 0.37917829687500004 0.5890625 0.3942397921875 0.5688133296875 0.38458359531249997 0.565406946875 0.34510546249999996 0.5857056609375 0.3302120890625 0.5890625 0.37917829687500004 0.5890625
0 0.4390625 0.2193103046875 0.4252905375 0.21820760625000002 0.39582761718750004 0.23260546093749998 0.3889703875 0.25695238593749997 0.41444270781250003 0.28699988125 0.4133187328125 0.3515436578125 0.42335466874999994 0.37460996406249997 0.4390625 0.3677469765625 0.4390625 0.2193103046875
0 0.4390625 0.1753228109375 0.4185271765625 0.1693104359375 0.4085119640625 0.175211296875 0.398002425 0.2057291625 0.414760271875 0.2197583078125 0.438307690625 0.217095409375 0.4390625 0.21725741875 0.4390625 0.1753228109375
0 0.4390625 0.5890625 0.88513914375 0.5890625 0.876625115625 0.57366781875 0.757107296875 0.5192295859375 0.7815288062500001 0.480017471875 0.7365441265625 0.4372708328125 0.7357722296875 0.4168261953125 0.7490029500000001 0.41625790937499996 0.7358824187499999 0.40379013906249994 0.6415032015625 0.392950975 0.49872172187499997 0.4083918125 0.4390625 0.43438029843750003 0.4390625 0.5890625
0 0 0.8207065890624999 0.0415735890625 0.8168362703125001 0.0632888875 0.8376519546875001 0.0783837703125 0.8384261796875 0.07202977656250001 0.8816599343749999 0.1051882015625 0.9167615156250001 0.159352628125 0.926312165625 0.20679531093749998 0.9091975546875 0.23347221093749998 0.8874776703125 0.24539577499999998 0.8414511609374999 0.21266144531250003 0.8111428843749999 0.2043070875 0.815332015625 0.1985348609375 0.8048771671875 0.157003296875 0.7956666218749999 0.10613029843749999 0.8178386046874999 0.1004406171875 0.8357094609375 0.0839533421875 0.8356334249999999 0.0907126484375 0.818894878125 0.14330080781250001 0.7941942078124999 0.10778169062500001 0.7652823078125 0.1204521171875 0.7222186046875001 0.11233797968749999 0.6962515328125 0.0913695421875 0.67839865625 0.057546803125000004 0.668659975 0 0.6783670359375 0 0.8207065890624999
0 0.6721403140625 0.5890625 0.6731237671875 0.5897872937499999 0.6659022218749999 0.5965894203125 0.66582450625 0.6049116984375 0.67539386875 0.6373379625 0.6793558234375 0.6437675484375001 0.6781160640625 0.656052915625 0.68401634375 0.6672527703125 0.6951306859375 0.711934428125 0.7032479593750001 0.7342056734375 0.707366315625 0.755511303125 0.7163006265625 0.7836576 0.7240283468750001 0.8160196328125 0.7287220359375001 0.8314352218749999 0.7337161796875 0.8372653140625002 0.7322906437500001 0.8453499328125 0.7390079609375 0.862424840625 0.738206096875 0.8669724375 0.7395577109375 0.8698157578125001 0.7437627796875 0.87355296875 0.7481664218749999 0.8748504484375001 0.7645630109375 0.8764391125 0.7732736078125 0.874328034375 0.7887678578124999 0.873152596875 0.8375936562499999 0.8747284203125 0.8901434953125001 0.8735743984375001 0.8931268031249999 0.8711046937500001 0.8964944578124999 0.8703960046875 0.8965593843749999 0.8687142078125 0.8967134046874999 0.8665271203125 0.8901486999999999 0.8617225953125001 0.8940954781249999 0.8577295296875 0.8893164875 0.8454248906250001 0.8857364984375 0.8236931921874999 0.88307781875 0.8177539078125001 0.87682874375 0.813786534375 0.879876975 0.8096350296875 0.8752164546875001 0.7861498078125 0.8722904859374999 0.781726390625 0.8710165875000001 0.77056079375 0.8681351656250001 0.76588473125 0.8572956984375001 0.72489853125 0.85157740625 0.7152937625 0.852598215625 0.7068772796875 0.8502551671875 0.7017751484375 0.8472173406250001 0.682223040625 0.8298425421875001 0.6257570218749999 0.8254938578125 0.6005032875 0.8354110437500001 0.594176475 0.8245597578125 0.591351353125 0.8162055453124999 0.5914412765625 0.8017869687499999 0.5890625 0.6721403140625 0.5890625