0 0.6323529406249999 0.49632352968750004 0.6282679734375 0.46568627500000004 0.5596405234375 0.4705882359375 0.53349673125 0.4828431375 0.5236928109375001 0.49754902031250003 0.5040849671875 0.4852941171875 0.4517973859375 0.49754902031250003 0.28513071874999996 0.44117647031249996 0.16584967343749998 0.42892156875 0.13970588281250002 0.42892156875 0.1307189546875 0.4375 0.132352940625 0.44975490156250003 0.14133986875 0.455882353125 0.3047385625 0.49509803906250005 0.329248365625 0.5122549015625 0.3897058828125 0.5245098046875001 0.44526143749999997 0.5514705875 0.49264705937500003 0.5514705875 0.5220588234375 0.5686274515624999 0.5326797390625 0.589460784375 0.5318627453125 0.6029411765625 0.58823529375 0.6041666671875 0.6454248359375 0.5796568625 0.6470588234375 0.5502450984375 0.64133986875 0.53676470625 0.5767973859375 0.5306372546875 0.6266339875 0.509803921875 0.6323529406249999 0.49632352968750004
0 0.8194444437499999 0.4779411765625 0.8080065359375 0.4779411765625 0.813725490625 0.4889705875 0.8096405234375 0.49264705937500003 0.723856209375 0.49387254843750006 0.7385620921875 0.5477941171875 0.7540849671875 0.5735294125 0.7638888890625 0.561274509375 0.7998366015625 0.563725490625 0.8088235296875 0.5919117640625 0.830882353125 0.6200980390625 0.8651960781250001 0.6495098046875001 0.8839869281249999 0.65073529375 0.89133986875 0.634803921875 0.9052287578125 0.640931371875 0.919934640625 0.5870098046875001 0.918300653125 0.535539215625 0.8978758171875001 0.5 0.8194444437499999 0.4779411765625
0 0.51879085 0.1985294125 0.5857843140625 0.3063725484375 0.667483659375 0.4166666671875 0.7377450984375 0.453431371875 0.76633986875 0.45710784374999996 0.546568628125 0.134803921875 0.526960784375 0.12009803906250001 0.510620915625 0.12009803906250001 0.490196078125 0.1360294125 0.491830065625 0.17034313750000002 0.51879085 0.1985294125
0 0.39950980468749997 0.3578431375 0.41176470624999995 0.33210784375 0.3897058828125 0.313725490625 0.28676470625 0.276960784375 0.23937908437500002 0.27450980468749997 0.167483659375 0.2916666671875 0.098856209375 0.3357843140625 0.0588235296875 0.3884803921875 0.05392156875 0.4056372546875 0.0571895421875 0.43014705937500003 0.0743464046875 0.4485294125 0.099673203125 0.4522058828125 0.1625817 0.40931372499999996 0.2181372546875 0.35539215625 0.24918300625 0.348039215625 0.28676470625 0.37745097968749997 0.35539215625 0.38725490156250003 0.39950980468749997 0.3578431375
0 0.3709150328125 0.37867647031249996 0.384803921875 0.3970588234375 0.49591503281250005 0.419117646875 0.652777778125 0.4754901953125 0.8169934640625 0.5110294125 0.828431371875 0.484068628125 0.8031045750000001 0.4705882359375 0.7442810453125001 0.455882353125 0.4158496734375 0.328431371875 0.40277777812500004 0.35539215625 0.3709150328125 0.37867647031249996
0 0.35620915000000003 0.393382353125 0.3594771234375 0.41053921562499995 0.3815359484375 0.43382352968750004 0.42728758125 0.44607843125 0.47140522812499996 0.48774509843749997 0.5073529406249999 0.4852941171875 0.5245098046875001 0.49632352968750004 0.534313725 0.4767156859375 0.47630718906249997 0.421568628125 0.437091503125 0.4044117640625 0.384803921875 0.40196078437500005 0.3766339875 0.3897058828125 0.35620915000000003 0.393382353125
0 0.64460784375 0.671568628125 0.633169934375 0.651960784375 0.5857843140625 0.6102941171875 0.5383986921874999 0.60539215625 0.5326797390625 0.6139705875 0.5849673203125 0.6752450984375 0.598856209375 0.7181372546875 0.6200980390625 0.7352941171875 0.6282679734375 0.7205882359375 0.6503267968750001 0.7438725484375001 0.6544117640625 0.7181372546875 0.6609477125 0.7254901953124999 0.669934640625 0.7193627453125 0.669934640625 0.6924019609375 0.6625816999999999 0.6764705875 0.64460784375 0.671568628125
0 0.7524509796875 0.6666666671875 0.6666666671875 0.6752450984375 0.669934640625 0.7193627453125 0.6903594765625 0.740196078125 0.707516340625 0.7438725484375001 0.7107843140625 0.7291666671875 0.69771241875 0.697303921875 0.7279411765625 0.6911764703125 0.75081699375 0.7205882359375 0.759803921875 0.7022058828125 0.7524509796875 0.6666666671875
0 0.5253267968750001 0.615196078125 0.48202614375 0.6286764703125 0.491013071875 0.6470588234375 0.543300653125 0.669117646875 0.544117646875 0.697303921875 0.563725490625 0.7438725484375001 0.5874183000000001 0.759803921875 0.5939542484375 0.7745098046875001 0.6094771234375 0.77573529375 0.6127450984375 0.7634803921875 0.596405228125 0.7365196078125 0.6013071890624999 0.7193627453125 0.5849673203125 0.6752450984375 0.5661764703125 0.6495098046875001 0.5253267968750001 0.615196078125
0 0.46241830000000006 0.5600490203125 0.3897058828125 0.5245098046875001 0.37254902031250003 0.52573529375 0.3799019609375 0.5416666671875 0.43300653593750005 0.5919117640625 0.46241830000000006 0.5600490203125
0 0.375 0.4485294125 0.3431372546875 0.43259803906250005 0.34150326875000003 0.447303921875 0.3521241828125 0.46323529375000005 0.38725490156250003 0.47181372499999996 0.375 0.4485294125
0 0.4844771234375 0.6740196078125 0.436274509375 0.6654411765625 0.53349673125 0.7720588234375 0.5514705875 0.8088235296875 0.5669934640625 0.8125 0.5694444437499999 0.78676470625 0.5890522875 0.7990196078125 0.5947712421875 0.7904411765625 0.5841503265625 0.7573529406249999 0.561274509375 0.7524509796875 0.4844771234375 0.6740196078125
0 0.3602941171875 0.5686274515624999 0.3521241828125 0.5686274515624999 0.34068627500000004 0.5514705875 0.3349673203125 0.5551470593750001 0.3357843140625 0.5759803921875 0.364379084375 0.589460784375 0.38725490156250003 0.5698529406249999 0.383169934375 0.544117646875 0.365196078125 0.53676470625 0.36274509843749997 0.5477941171875 0.3692810453125 0.5600490203125 0.3602941171875 0.5686274515624999
0 0.3602941171875 0.5686274515624999 0.3349673203125 0.5551470593750001 0.3357843140625 0.5759803921875 0.4166666671875 0.61642156875 0.41830065312500003 0.606617646875 0.3921568625 0.572303921875 0.37826797343749996 0.5392156859375 0.36274509843749997 0.5404411765625 0.3692810453125 0.5600490203125 0.3602941171875 0.5686274515624999
0 0.6903594765625 0.58823529375 0.6282679734375 0.598039215625 0.6078431375 0.6115196078125 0.64460784375 0.6666666671875 0.687091503125 0.6666666671875 0.7001633984375 0.6568627453125 0.71323529375 0.671568628125 0.7271241828125 0.6727941171875 0.7524509796875 0.6568627453125 0.7614379078125 0.6213235296875 0.758169934375 0.5870098046875001 0.739379084375 0.561274509375 0.71486928125 0.5588235296875 0.6903594765625 0.58823529375
0 0.7614379078125 0.59926470625 0.759803921875 0.643382353125 0.7712418296875 0.6482843140625 0.7990196078125 0.61642156875 0.8039215687500001 0.572303921875 0.796568628125 0.563725490625 0.7655228765625 0.5588235296875 0.7549019609375 0.5772058828125 0.7614379078125 0.59926470625