0 0.050177190625 0 0.050114565624999996 0.0034921515625000003 0.06670758906249999 0.023288168749999998 0.1983451328125 0.13326055312500001 0.20897805468750003 0.13674211249999998 0.241057453125 0.1279383875 0.39888559218749997 0.06659658125 0.41311868125 0 0.050177190625 0
0 0 0.396249540625 0.0087385359375 0.3688731765625 0.0659501453125 0.3179279203125 0.1229839984375 0.28622502656250004 0.176633125 0.282835678125 0.2360826453125 0.35595754999999996 0.24644499843749998 0.2882144875 0.18566483281249999 0.23706602499999999 0 0.2966166328125 0 0.396249540625
0 0.0232242484375 0.41568611562499996 0.004802028125 0.4244879375 0.0001292109375 0.43732083906249997 0.0092980140625 0.4582177984375 0.03056385625 0.46518091562499997 0.042203595312499995 0.45839653281250003 0.0499909921875 0.4324559703125 0.040639648437499995 0.41715023125000006 0.0232242484375 0.41568611562499996
0 0.0362549046875 0.5240251578125 0.049178125 0.5190737750000001 0.0526596828125 0.5084408546875 0.0417501 0.4928603546875 0.0295589390625 0.48910403750000003 0.0197522 0.4946049390625 0.0179211015625 0.5095456 0.0362549046875 0.5240251578125
0 0.7331792125 0.4802290625 0.7475214875 0.492004428125 0.7645889390624999 0.47399925625000006 0.7791135828125 0.40595120781249994 0.7664962890625 0.38439298437499997 0.720238146875 0.37455525624999997 0.7084265859375 0.3842407484375 0.7331792125 0.4802290625
0 0.7662132546875 0 0.7664079390625 0.005273596875 0.7232350234375 0.13551697812500002 0.73484003125 0.1484908578125 0.7470888828125 0.15065066093749999 0.7610627187500001 0.14302760625 0.7637311328124999 0.14938221406250002 0.6575526953124999 0.192863375 0.6054757609375 0.22318829999999998 0.543506709375 0.20217446562500002 0.5159153875 0.208236975 0.51310926875 0.2169886140625 0.523288884375 0.266696896875 0.53972458125 0.2880878234375 0.5719400390625 0.31310173125 0.608111603125 0.32284209375 0.64031496875 0.31927398125 0.645190325 0.26297386093749997 0.7220524609375 0.2353380671875 0.7216961125 0.24452166874999998 0.7110345390624999 0.24768525624999999 0.701846728125 0.328442521875 0.7340621859375001 0.353456428125 0.7588473890625 0.3561455578125 0.7860014171875 0.338237753125 0.8025264468750001 0.23019435000000002 0.8002143796875 0.214656140625 0.78609075 0.20880342500000001 0.9050809453124999 0.135639090625 1 0.0527664796875 1 0 0.9625305203125001 0 0.7972221890625001 0.124185946875 0.8587865234375001 0.040055303125000004 0.8603407749999998 0 0.7662132546875 0
0 0.4296875 0.4009136546875 0.43508875625 0.40160953906249997 0.5360922484375 0.387476953125 0.5511472203125 0.380885115625 0.49125949843749994 0.34090482187500004 0.4659560625 0.3053415015625 0.471855796875 0.28620774375 0.45528239531250003 0.27992306718750004 0.43667233281250006 0.227887684375 0.439547303125 0.21158291875000002 0.4296875 0.203594528125 0.4296875 0.4009136546875
0 0.57432788125 0.5296875 0.5749564140625 0.4607359640625 0.55626540625 0.387671684375 0.5251431796875 0.392271015625 0.506200953125 0.4065832734375 0.4724945015625 0.5296875 0.57432788125 0.5296875
0 0.49410658124999995 0.088390771875 0.44788471406249997 0.1642991046875 0.4374538796875 0.201967359375 0.45398261250000005 0.2729692 0.4772614796875 0.2913638375 0.507577975 0.255520790625 0.5085660765625 0.20694109374999997 0.5417007828125 0.1909284265625 0.5745359015625 0.14796421875000002 0.5864609812499999 0.0660084359375 0.578893021875 0.05878990625 0.5443087375 0.054372934375 0.49410658124999995 0.088390771875
0 0.690470015625 0.5296875 0.670748684375 0.3902058921875 0.67549843125 0.377594040625 0.7216756312499999 0.3664028734375 0.7275065140625 0.35482224218749997 0.7061024234375 0.34012051875 0.5647405234375 0.325281621875 0.521369440625 0.3277211484375 0.5111451609375 0.34273003125 0.5671456265625 0.390430746875 0.5886669359375001 0.5119074265625 0.586961625 0.5296875 0.690470015625 0.5296875
0 0.880321675 0.5296875 0.8707673765624999 0.4305180953125 0.8584375812499999 0.40732939375 0.8246469359375 0.40557411718749997 0.7886493515625 0.46647356718750005 0.7731573093749999 0.5296875 0.880321675 0.5296875
0 1 0.397821040625 0.9992123968750001 0.396847225 0.920819740625 0.38302448437500003 0.917507478125 0.387483953125 0.9278936468750001 0.4145328640625 0.9951874390625001 0.4196738953125 1 0.4179803671875 1 0.397821040625
0 0.7863698578125 0.3576361734375 0.7429987765625 0.3600757 0.7369492484375 0.3657336859375 0.7760078734375 0.38775130468749996 0.8677305203125 0.40476506562500003 0.869374559375 0.3739533109375 0.7863698578125 0.3576361734375
0 0.94181818125 0.5296875 0.9268125109375 0.4135016453125 0.8965974390625 0.34849238125 0.8796676921875001 0.3513913046875 0.872836615625 0.38296961406249996 0.8843766500000001 0.5296875 0.94181818125 0.5296875
0 0.8697309078125001 0.3647697109375 0.8843485859375001 0.346332578125 0.9126646968750001 0.3504848875 0.9394261 0.256014621875 0.9860405906249999 0.25666875 0.995621028125 0.25247394375 0.9987834953124999 0.234538703125 0.93730849375 0.1892350203125 0.8937876187499999 0.1781987765625 0.84580449375 0.17814390625 0.8218938734375 0.1991453671875 0.8497847843749999 0.22003440156249998 0.81321220625 0.284194803125 0.8025748171875 0.34452243125000004 0.8120175515625 0.355433875 0.8552509296874999 0.3681005953125 0.8697309078125001 0.3647697109375
0 0.7432342015625 0.06507189687500001 0.7494214328125001 0.0443076640625 0.7418534765625 0.037089134375 0.6790219328125 0.020966729687499998 0.5684947625 0.0031589765625 0.5351414078125 0.013248993749999998 0.533060078125 0.032215453125 0.547908496875 0.0482829890625 0.586817328125 0.0568248359375 0.591935515625 0.0636114046875 0.5689357562499999 0.19404951875 0.604463475 0.21460395625 0.6729640140625 0.1770879390625 0.6926636046875 0.07969131406249999 0.7432342015625 0.06507189687500001
0 0 0.5296875 0 0.828840975 0.0101640765625 0.8479388218749999 0 0.8478999093749999 0 0.9105918109375001 0.000431575 0.9107925296874999 0.047377640625 0.9049181000000001 0.08082179843750001 0.914353278125 0.1700806375 0.898249375 0.2050374109375 0.8991060890625 0.2820998828125 0.9215394609375 0.274604753125 0.8644932375 0.23139250156250002 0.8338762828125 0.208337659375 0.7502044765625 0.1779705 0.7156608359375001 0.162808759375 0.7174100015625 0.1818515296875 0.7013083609375 0.1132376265625 0.5296875 0 0.5296875
0 0.4296875 0.5296875 0.4296875 0.9103840281250001 0.5386995125 0.933844284375 0.5734913374999999 0.927978525 0.58608470625 0.9025056234375001 0.58431933125 0.8818858078125 0.593755459375 0.8743185 0.583501125 0.8558943124999999 0.6011104875 0.8479219359375 0.59054043125 0.8312883093749999 0.6084655171875 0.8215253734375001 0.598211184375 0.8031011875 0.6128856515625 0.796457540625 0.6052504890625 0.7784951828125 0.6215035765625 0.7628987390624999 0.613236965625 0.7485175 0.6282271578125 0.74008329375 0.6179728250000001 0.7216591078125 0.6326472921875 0.7150154609375 0.62501213125 0.6970531046875 0.6429372140625 0.6872901687499999 0.632051434375 0.6724471015625 0.6470416265625 0.6640128953125 0.6429728062500001 0.6411406890625 0.6547123796875 0.635825771875 0.6444580484375 0.6174015859375 0.6650023015625 0.6081004796875 0.6547479703125 0.58967629375 0.67235733125 0.5817039171875 0.661787275 0.5650702890625 0.6803438078124999 0.551726234375 0.6668388593750001 0.5364213359375001 0.6849754390625 0.5296875 0.4296875 0.5296875