0 0.5859375 0.67421875 0.5875 0.70703125 0.60625 0.74609375 0.6296875 0.77109375 0.64375 0.75703125 0.6421875 0.71328125 0.6203125 0.66328125 0.61015625 0.6546875 0.59921875 0.6546875 0.5859375 0.67421875
0 0.859375 0.90703125 0.859375 0.76484375 0.85234375 0.759375 0.8453125 0.78359375 0.83984375 0.784375 0.82578125 0.7671875 0.80546875 0.7609375 0.7875 0.78046875 0.784375 0.81171875 0.8203125 0.87109375 0.81875 0.89296875 0.828125 0.90859375 0.828125 0.92265625 0.853125 0.95078125 0.8625 0.98515625 0.875 0.99921875 0.89375 0.97109375 0.8921875 0.93046875 0.87890625 0.903125 0.87109375 0.9 0.86640625 0.909375 0.859375 0.90703125
0 0.7359375 0.72109375 0.75234375 0.74375 0.7625 0.74296875 0.7671875 0.73359375 0.765625 0.70390625 0.75078125 0.6875 0.74296875 0.6875 0.734375 0.70390625 0.7359375 0.72109375
0 0.634375 0.26015625 0.6296875 0.31015625 0.640625 0.33828125 0.653125 0.34140625 0.6640625 0.33671875 0.6703125 0.32109375 0.671875 0.28203125 0.6640625 0.25078125 0.64453125 0.24375 0.634375 0.26015625
0 0.78046875 0.2234375 0.790625 0.22265625 0.81640625 0.2171875 0.825 0.19453125 0.79140625 0.190625 0.78046875 0.1953125 0.775 0.21640625 0.78046875 0.2234375
0 0.53359375 0.5453125 0.5421875 0.54453125 0.5359375 0.46640625 0.52265625 0.45 0.5140625 0.45859375 0.5125 0.47890625 0.528125 0.53828125 0.53359375 0.5453125
0 0.353125 0.42578125 0.3609375 0.47109375 0.37109375 0.459375 0.3828125 0.48671875 0.3953125 0.48984375 0.3984375 0.44765625 0.39375 0.42421875 0.38203125 0.4125 0.36953125 0.428125 0.36171875 0.4171875 0.353125 0.42578125
0 0.3171875 0.44140625 0.33125 0.48984375 0.3375 0.47578125 0.334375 0.42109375 0.33125 0.41015625 0.32109375 0.40625 0.315625 0.41953125 0.3171875 0.44140625
0 0.26015625 0.378125 0.2453125 0.37265625 0.240625 0.34921875 0.23359375 0.3421875 0.2296875 0.36640625 0.2359375 0.42109375 0.24921875 0.43125 0.2875 0.43828125 0.2921875 0.43515625 0.2921875 0.37109375 0.2859375 0.33984375 0.27578125 0.3296875 0.2671875 0.33515625 0.26015625 0.378125
0 0.23125 0.26796875 0.22890625 0.25 0.2203125 0.25234375 0.2203125 0.27734375 0.225 0.27890625 0.23125 0.26796875
0 0.27578125 0.6828125 0.390625 0.73359375 0.39375 0.71953125 0.38359375 0.709375 0.36171875 0.7046875 0.29140625 0.659375 0.2734375 0.66796875 0.27578125 0.6828125