0 0.5890625 0.4890625 0.5890625 0.12084160937499999 0.5697089203125 0.10883206249999999 0.5491114828125 0.0852383203125 0.5304039078125 0.075030203125 0.38495881718749997 0.06304005625 0.3463441609375 0.054036370312500005 0.2771834515625 0.05336078281249999 0.2615652453125 0.045125746875 0.16589278125 0.061444153125 0.1344557109375 0.13314101250000002 0.14128073593749998 0.15446302812499998 0.20426270624999998 0.1511924546875 0.22460064375000002 0.1615719296875 0.22537421875 0.1698951078125 0.2418492140625 0.1699783234375 0.2511613921875 0.18331988125 0.24241228124999997 0.2038291765625 0.1587055859375 0.1925586859375 0.1525709171875 0.1960348421875 0.152316340625 0.214140203125 0.1314251796875 0.23254913125 0.0940149546875 0.2434525265625 0.0723061515625 0.2461159625 0.0449326828125 0.2399421453125 0 0.25125872656250003 0 0.4890625 0.3519933921875 0.4890625 0.405913975 0.45178628906249996 0.41414901249999997 0.43616808437500004 0.413160009375 0.42205295625000006 0.39102035 0.41313248593749996 0.3702515546875 0.3911691078125 0.34330894375 0.3965791953125 0.3211692828125 0.3876587265625 0.3196662078125 0.3784346890625 0.311685746875 0.375947534375 0.3190639921875 0.3684811484375 0.306447015625 0.347374559375 0.31511290937499997 0.343340259375 0.30833195468749997 0.329440559375 0.3239060921875 0.330253278125 0.324851021875 0.3369460921875 0.3479356140625 0.3525593734375 0.36784269531249997 0.3513549453125 0.388562496875 0.3345763796875 0.3967975328125 0.318958175 0.39233237656250003 0.298708378125 0.4076029421875 0.2788845125 0.40639851250000003 0.25897743125 0.416479340625 0.24932253593749998 0.429693609375 0.24906303749999997 0.488822484375 0.2981354640625 0.5146977984375 0.3264048703125 0.5229818296875 0.3495286078125 0.5318190796875 0.34386394375 0.5530138078125 0.3460916 0.5443919859374999 0.357548215625 0.5534887359375 0.36509782031250004 0.543192478125 0.3689607625 0.5423356874999999 0.37711258124999997 0.550144790625 0.3812301 0.53911903125 0.38419218125 0.5357701640625 0.3690048328125 0.5210968890625 0.367462609375 0.5171947984374999 0.3810636625 0.5003770875 0.3842411734375 0.49630363906249997 0.39947259375 0.47583841250000003 0.3981457984375 0.481503078125 0.4069830484375 0.47412483125 0.4144494359375 0.49424734062500003 0.41903695625 0.49575041718749996 0.4282609953125 0.478330490625 0.4214849640625 0.47395839687499997 0.44739942812500005 0.4917210390625 0.45091472968749996 0.489620671875 0.463056778125 0.47567690156250003 0.4624154171875 0.4724026484375 0.4890625 0.5890625 0.4890625
0 1 0.4890625 1 0.26508334843750003 0.971372059375 0.2530806609375 0.8666848453125 0.24660690624999998 0.8268949937500001 0.13825054375 0.7715804234375 0.0916728984375 0.7324006390625 0.0920842546875 0.6874181515625 0.1190616203125 0.60872695 0.23761170625 0.5890625 0.2326525609375 0.5890625 0.47646235625 0.591604840625 0.4890625 1 0.4890625
0 0.30831970000000003 0.50783608125 0.29676091250000003 0.4945274609375 0.27470430156250003 0.49480073593749996 0.281430478125 0.5171036515624999 0.30193608437499997 0.519258878125 0.30831970000000003 0.50783608125
0 0.22324170625 0.7995099015625 0.2039279 0.7983437765625 0.1936584515625 0.83440948125 0.20665405625000002 0.834047696875 0.2167926734375 0.8238834031250001 0.22324170625 0.7995099015625
0 0.3994983359375 0.8361758343750001 0.41845293906250003 0.8407595578125001 0.427040553125 0.8330237671875 0.442060553125 0.8380577859375 0.45357057031250003 0.8271737968749999 0.44439538125 0.8158433796875 0.4315793765625 0.8144963640625 0.40880435937500004 0.8216048390624999 0.3994983359375 0.8361758343750001
0 0.40302496562499995 0.814950528125 0.388184565625 0.8082077078125 0.37732754062499996 0.8252072015625 0.39133534375 0.8275433187499999 0.40302496562499995 0.814950528125
0 0.18391116406250002 0.9024920968749999 0.1483855578125 0.8953028515625 0.14391215 0.9008795484375 0.1601239484375 0.9069026703125 0.18391116406250002 0.9024920968749999
0 1 0.5625930609375 0.9935003187500001 0.5641354875 0.9380681578125 0.588022934375 0.9534154562499999 0.60984125 0.85699606875 0.6460603812500001 0.850533675 0.66558640625 0.8666223125 0.6803513750000001 0.9837955984375 0.719409025 1 0.7218515640625001 1 0.5625930609375
0 0.7088102000000001 0.9020677375 0.725516615625 0.9109549171874999 0.7819746999999999 0.919265990625 0.8161288671874999 0.9299870015625 0.8425476078124999 0.9303866359375 0.885654028125 0.9188719578125 0.90843343125 0.8909582953124999 0.9026936390625 0.8826294828125001 0.8194274078125 0.8566439609375 0.7496363984375 0.8493086296874999 0.643961434375 0.8477100953125 0.5908955765624999 0.8700634359375 0.6696763125 0.8967660578124999 0.7088102000000001 0.9020677375
0 0.8482812531249999 1 0.810198175 0.9864137765625 0.7753026703125 0.9827461109375001 0.7462705140625 0.9862317 0.7410436812500001 0.994002146875 0.7603411859375 1 0.8482812531249999 1
0 1 0.93546964375 0.996451003125 0.9346770937500001 0.9407529953125 0.940114165625 0.9400116578125001 0.9471675125000001 0.9840204453125001 0.9690269109375 1 0.97107013125 1 0.93546964375
0 0.877873521875 0.7201616078124999 0.8354897015624999 0.703821446875 0.8029605 0.6986196734375 0.8382454093749999 0.71956215625 0.8685318656250001 0.7251224796875 0.877873521875 0.7201616078124999
0 0.8955420437499999 0.5520568421875 0.8531582249999999 0.5357166828125 0.8071725390625 0.5326662078125 0.8023163765625 0.53690998125 0.8464487203125 0.5575938218750001 0.8955420437499999 0.5520568421875
0 0.7030364609374999 0.579365453125 0.6645203546875 0.5681859828125 0.6489446796875 0.5695202734375 0.6490869734375 0.5891462046875 0.7030364609374999 0.579365453125