0 0 0 0 0.15668735312499998 0.0073842765625 0.1532466578125 0.023171353125 0.1586710265625 0.20472196875 0.28910690781250004 0.2390625 0.3168924734375 0.2390625 0.0485700890625 0.14953800625 0 0 0
0 0.2390625 0.36875 0.2390625 0.360817346875 0.20944906093750001 0.34313780625 0.171564209375 0.33794535468750003 0.15495433125 0.30366935 0.128593296875 0.2940659140625 0.048835110937499995 0.23809243750000003 0.020785610937499997 0.228636725 0 0.23812533593750002 0 0.2431422921875 0.19609346562500002 0.36875 0.2390625 0.36875
0 1 0.36875 1 0.2415825875 0.8040190609375 0.24388594531250002 0.7492414515625 0.26628924062500003 0.727076384375 0.31225561874999996 0.6784139453125 0.35466992343750003 0.670632484375 0.36875 1 0.36875
0 0.2390625 0.5018275531249999 0.17265594687500002 0.5045376687500001 0.13484698281250002 0.423303959375 0.10555966562500001 0.4089579546875 0.0814055171875 0.407511525 0.0313749546875 0.41544827656249994 0 0.4379999 0 0.67545838125 0.034749825 0.6981447765625 0.0802541375 0.69950313125 0.1295120421875 0.6827348671875 0.154803959375 0.6208980609375001 0.1805370515625 0.5946191046875 0.21325768906250003 0.602435353125 0.2390625 0.6016775 0.2390625 0.5018275531249999
0 0.7841901171875 0.812729365625 0.7836309953125 0.7966150812499999 0.7655328015625 0.7939449953125 0.7492914625 0.8319458031250001 0.776781840625 0.8252872328125 0.7841901171875 0.812729365625
0 0.6883065484374999 0.805805584375 0.7077660015625 0.8143114406249999 0.724798378125 0.8145226906249998 0.7292728875 0.8073256624999999 0.7288614875 0.7928998453125 0.7172217140625 0.7862619390625001 0.7001893359375 0.786050690625 0.6849613828125001 0.79674060625 0.6883065484374999 0.805805584375
0 0.7155761109375 0.7285586671875001 0.7136239671875 0.7159690359375 0.700738890625 0.7145442484375 0.6896264765625 0.73338105 0.7077246703125 0.7360511359374999 0.7155761109375 0.7285586671875001
0 0.818508984375 0.73826849375 0.816081909375 0.7299738859375 0.8041149296875 0.729319471875 0.79021646875 0.755205578125 0.8067739187499999 0.759711853125 0.818508984375 0.73826849375
0 0.830264715625 0.7559552843749999 0.849935415625 0.7474287625 0.8558029484375 0.7367070828125 0.855686990625 0.7256581953125 0.8408180078124999 0.7210042 0.8320484718750001 0.7277262984374999 0.8239857828125 0.752251146875 0.830264715625 0.7559552843749999
0 0.9158697671875 0.7620769296875001 0.9301796281249999 0.7506166421875 0.9282274828125001 0.738027009375 0.909833846875 0.731979990625 0.8957876656250001 0.75617763125 0.9023620421875 0.7632587015625 0.9158697671875 0.7620769296875001
0 0.9459667046875001 0.756041009375 0.96012884375 0.7428922546875001 0.9586198640625 0.7353680203125 0.9471278109375 0.73041858125 0.9383582765625 0.7371406796875 0.9361631187499999 0.75094385 0.9459667046875001 0.756041009375
0 0.7907771234375 0.6352085625 0.78835005 0.6269139578124999 0.7696292078125 0.6268504296875 0.7569760484375 0.6475234171875 0.778451171875 0.6498980609375 0.7907771234375 0.6352085625
0 0.7451250234375 0.6579178906250001 0.731585534375 0.668460084375 0.744913775 0.6749502671875 0.7512244734375 0.6692939843750001 0.7451250234375 0.6579178906250001
0 0.53653523125 0.7629379999999999 0.5627485437499999 0.77085296875 0.58117394375 0.7675395671875 0.5856484546875 0.7603425375 0.5855324968750001 0.7492936515624999 0.5700726265625 0.73788579375 0.5464341078125 0.7399538953125 0.5328946203125 0.750496090625 0.53653523125 0.7629379999999999
0 0.4908402687500001 0.8434983203125 0.517328359375 0.8156600703125001 0.5074088156250001 0.799514021875 0.492064903125 0.79915505 0.47742783749999995 0.816598828125 0.4761190078125 0.8405327906250001 0.4908402687500001 0.8434983203125
0 0.5681507140625 0.8520470390625 0.5942163062500001 0.85827354375 0.60588784375 0.8555510265624999 0.610214634375 0.8466655328125 0.6105418390625 0.84068204375 0.5935412265625001 0.8311103718750001 0.5682142421874999 0.833326196875 0.5628216390625 0.8397528515625 0.5681507140625 0.8520470390625
0 0.3441772078125 0.742336575 0.3578961828125 0.724122425 0.3533374796875 0.71091014375 0.3344689140625 0.70915815 0.3261425453125 0.7209456453125 0.3260790171875 0.7396664890625 0.3441772078125 0.742336575
0 0.37653283281250005 0.7037766453125001 0.35887780468749997 0.7061719546875 0.3643546015625 0.7201546078125001 0.3810915375 0.7169889265625 0.37653283281250005 0.7037766453125001
0 1 0.36875 0.87240915625 0.36875 0.2390625 0.43569137968750005 0.2390625 1 0.2620446828125 1 0.33739961875 0.97601990625 0.5596019968749999 0.9293574843750001 0.9518962343750001 0.862709784375 1 0.8573260546875 1 0.36875
0 0.3398599875 0.8388427937500001 0.3499590171875 0.8473168843749999 0.3699251609375 0.8421672953125 0.372563484375 0.8334295234375 0.3722998046875 0.820692171875 0.3640369625 0.8137588234375001 0.343775375 0.8155314828125 0.3369897484375 0.8254827890625 0.3398599875 0.8388427937500001
0 0.49284943593749997 0.4775237859375 0.4832253375000001 0.4647546703125 0.4623411 0.4691338890625 0.4629319859375 0.47588775156250007 0.47626022500000004 0.482377934375 0.49284943593749997 0.4775237859375