0 0.45463292656250004 0.35 0.4548187171875 0.3479727640625 0.447708553125 0.30680448125000004 0.4232962953125 0.2913238625 0.4434090046875 0.1727316984375 0.39194392499999997 0.1476911890625 0.36416364843750004 0.1467842328125 0.3560624484375 0.1836737578125 0.335023884375 0.1943333359375 0.3236500828125 0.2769467109375 0.3016091421875 0.284236378125 0.2948712078125 0.29981241718749996 0.278840746875 0.30017898125000003 0.25916545156250004 0.2895250734375 0.25907003125 0.258374884375 0.242130721875 0.2729504375 0.21662634062500002 0.26366357812499996 0.2227227890625 0.22003422968750003 0.1609665859375 0.20355690625 0.168790975 0.141073246875 0.1674220359375 0.12167287499999999 0.162503684375 0.12240221874999999 0.091294353125 0.24555562343749998 0.0439484421875 0.35 0.45463292656250004 0.35
0 1 0.35 1 0.18188303125 0.90638480625 0.16280187343750002 0.9068546874999999 0.1248504546875 0.8904219203124999 0.0980709296875 0.797495975 0.0746094359375 0.7765189234375 0.08771645624999999 0.7593008718750001 0.128906346875 0.7500964578125 0.13170595000000002 0.5910918453125 0.1019001125 0.5796875 0.0981745859375 0.5796875 0.275400553125 0.601268159375 0.2841361328125 0.621485684375 0.2823939203125 0.639888071875 0.290945865625 0.703250475 0.29858029531249997 0.7172759375 0.310783059375 0.712442009375 0.32408299375 0.719446809375 0.35 0.8519732390625 0.35 0.86240313125 0.33460386249999996 0.881262521875 0.33350669375 0.9796624859375 0.35 1 0.35
0 0 0.7288488078124999 0.018265823437500002 0.732069565625 0.0232146625 0.7288255859375 0.10528547343750001 0.747413478125 0.1472490234375 0.73903250625 0.163013196875 0.6992740125 0.142722284375 0.68403249375 0.0941410421875 0.6740941125 0.05641710625 0.6770477500000001 0 0.669363928125 0 0.7288488078124999
0 0.5499222875 1 0.5492550140625 0.9972220515625001 0.53486731875 0.9919407171875001 0.39101136406250003 0.9638306359375001 0.3287569 0.9569700874999999 0.265787965625 0.941750371875 0.180186765625 0.9307731640625001 0.1087281078125 0.9140564812499999 0.0096883453125 0.9048262874999999 0 0.9028850265624999 0 0.92488209375 0.11701464843750001 0.9539391687500001 0.1686569609375 0.95892850625 0.19484059843749998 0.9717785781250001 0.23610541718750003 0.9735658859375 0.37041485937499996 1 0.5499222875 1
0 0.5796875 0.67137543125 0.552043259375 0.671130540625 0.5619514328124999 0.6769942140625 0.5796875 0.6780573406249999 0.5796875 0.67137543125
0 0.5436794546875 0.8178531750000001 0.5500415000000001 0.812800084375 0.5005163734375 0.8020091703125001 0.4953328734375 0.8065839718750001 0.5175063109375 0.8173547375 0.5436794546875 0.8178531750000001
0 0.49971795625000004 0.694836934375 0.46624412656249997 0.7047148734375 0.4664840328125 0.70955986875 0.480167746875 0.7188336671875 0.5120042046875 0.7244472937499999 0.5223764515625 0.72147350625 0.528967909375 0.708913778125 0.5207075999999999 0.6999101734375 0.49971795625000004 0.694836934375
0 0.5521062171875 0.7452403421875 0.527106371875 0.738087796875 0.447168484375 0.73222578125 0.47263764999999996 0.7367166828125 0.4938724484375 0.7528107328125 0.5226478375 0.763373403125 0.5511780734375 0.7629152593749999 0.5622542968750001 0.7559490109375 0.5521062171875 0.7452403421875
0 0.3842834953125 0.8158191312499999 0.3236821421875 0.81199446875 0.318029321875 0.8192309125000001 0.3307743984375 0.8338279968750001 0.377233209375 0.8433921359374998 0.40576344531249997 0.84293399375 0.4279211421875 0.8351773109374999 0.40739556875 0.8212666109375 0.3842834953125 0.8158191312499999
0 0.5796875 0.35 0.5796875 0.38238471875 0.7572747953125 0.4288406578125 0.8769925203125 0.436166053125 0.9986699218750001 0.4622157515625 1 0.4622179015625 1 0.410441103125 0.636269509375 0.35 0.5796875 0.35
0 0.5796875 0.9045490078124999 0.5901813203125 0.9139829125000001 0.608040528125 0.9171319734375001 0.6352245437499999 0.9046951578125 0.6413116828125001 0.885092378125 0.62080644375 0.8596519703125001 0.5952932890625 0.8551533140625001 0.5796875 0.8628535812500001 0.5796875 0.9045490078124999
0 1 0.55502773125 0.9230962921874999 0.5476759281250001 0.8573537281250001 0.517704978125 0.6722863109375 0.47818056406250004 0.61301441875 0.486108090625 0.5796875 0.481650271875 0.5796875 0.5048783078125 0.60869285625 0.51061688125 0.67835944375 0.5481717796875 0.7154552359374999 0.5317393156250001 0.7468567593750001 0.5326815593750001 0.8801121296875 0.567664803125 1 0.5791257890624999 1 0.55502773125
0 1 0.68020280625 0.976262371875 0.6788098421875001 0.9725324499999999 0.685044190625 0.95585185 0.675210915625 0.953494634375 0.6885793484375 1 0.7024800046874999 1 0.68020280625