0 0.559375 0 0.22000414687499997 0 0.2154792890625 0.0748378359375 0.222097665625 0.1265782421875 0.2554345484375 0.232521025 0.27307270781250004 0.25508312499999997 0.3182034125 0.289054196875 0.401718525 0.3239293984375 0.4373796953125 0.3245744328125 0.488341725 0.314584534375 0.545266253125 0.27658389375 0.559375 0.2600219734375 0.559375 0
0 0.6290350796874999 0.2513938859375 0.6440801546875 0.3011705375 0.6566729046875001 0.2325879578125 0.6290350796874999 0.2513938859375
0 0.72519949375 0.4390625 0.663525009375 0.389974846875 0.6744588859375 0.4390625 0.72519949375 0.4390625
0 0.265972675 0.524190425 0.3254168921875 0.7090341796875 0.3500736875 0.9175269140625 0.37932901406249997 0.9498169687499999 0.353944240625 0.7236435328124999 0.30588929062500003 0.5372859078125 0.26245227031249996 0.4435681734375 0.2527690265625 0.4669991390625 0.2657448421875 0.47962110625000004 0.265972675 0.524190425
0 0.40688644687500003 1 0.3816435375 0.981633509375 0.319926434375 0.9758021609374999 0.32519734218749996 0.96231425 0.3456502328125 0.9564767796875 0.340509921875 0.94873913125 0.2846833453125 0.91031250625 0.2430495875 0.9043067453125001 0.2491790671875 0.8872739718750001 0.0825579125 0.7684492374999999 0.282514365625 1 0.40688644687500003 1
0 0.1568498203125 0.4390625 0.0705712640625 0.7310568453125 0.0951975390625 0.6997138203125 0.12461681718749999 0.6237578734375 0.1390708234375 0.6137276140625 0.13515863125 0.5967820484375 0.1662728140625 0.57175000625 0.1630997171875 0.5434783249999999 0.19249675625 0.5255360062500001 0.21602550781250002 0.4821753359375 0.20501690625000002 0.4490193359375 0.22070580468749998 0.4390625 0.1568498203125 0.4390625
0 0.47119700781249996 0.4390625 0.53752011875 0.697994921875 0.559375 0.8104518921875 0.559375 0.5456915046875 0.5347577546875 0.4390625 0.47119700781249996 0.4390625
0 0.2392041109375 0.713320296875 0.2636330734375 0.8772437140625 0.2779564859375 0.8884390156249999 0.28617265625 0.8586534656249999 0.2564727859375 0.7082179609375 0.21917636406250002 0.5684606421875 0.210612884375 0.545895621875 0.19873459375 0.5452912984375 0.1897904453125 0.55739615 0.2392041109375 0.713320296875
0 0.19127691875 0.8325933109375001 0.18347477343750002 0.7406885515624999 0.1438415890625 0.6271283203125 0.19127691875 0.8325933109375001
0 0.1671202671875 0.5972119593749999 0.22261893437500002 0.8521305874999999 0.230585034375 0.8357893453124999 0.218979053125 0.7637270859375 0.1671202671875 0.5972119593749999
0 1 0.4390625 0.9882145984375 0.4390625 0.9855388046875 0.4406755875 0.90565865 0.4484636984375 0.7923234515625 0.47285357968749997 0.7587393984374999 0.49658758281250004 0.7203560765625 0.5072246828125 0.6924797640625 0.551836109375 0.6976703921875 0.5897012359375 0.7286699750000001 0.6624469875 0.7696529484375001 0.7169073765625 0.7866460734375 0.7751306484375 0.8053227921874999 0.809882265625 0.77576071875 0.8548828796875 0.67449036875 0.9315313625 0.6645080609375 0.96135795625 0.6339463750000001 1 1 1 1 0.9834990375 0.9574500234375 0.9842832187500001 1 0.949415415625 1 0.4390625
0 0.559375 0.4390625 0.559375 0.44826082968750003 0.6793330765625 0.4843916375 0.7147402671875 0.517815878125 0.7920790546875001 0.4686084390625 0.7386191703125 0.46850873593750003 0.677941625 0.45616959687499997 0.6575727671875 0.444038909375 0.61122295625 0.4430295328125 0.59856491875 0.4390625 0.559375 0.4390625