0 0.092538175 0 0.0970904453125 0.03707526875 0.08899172968749999 0.04926421875 0.084789803125 0.08016536875 0.0886865953125 0.098877565625 0.09449090624999999 0.10056371875 0.1543587671875 0.09321286875 0.16057788906249998 0.085252759375 0.1515957234375 0.051172748437500006 0.1263882015625 0.054267842187500005 0.143359409375 0.03619181875 0.13753158593749998 0 0.092538175 0
0 0.2737460125 0 0.287913753125 0.106399984375 0.310134846875 0.16364240000000002 0.306847315625 0.0912814609375 0.2931267640625 0 0.2737460125 0
0 0.45 0.359375 0.5594037296875001 0.359375 0.5571256828125 0.310915275 0.45 0.244311271875 0.45 0.359375
0 0.1975598796875 1 0.2438473015625 0.9688456265625 0.26857851718750003 0.9658090156250001 0.29371828906249997 0.9252085749999999 0.3693491453125 0.8596517796875001 0.393108 0.8486959171875 0.4154859375 0.8673846296875001 0.42505430312500003 0.863530234375 0.43401664531249995 0.8342945499999999 0.417345771875 0.76667324375 0.40646685 0.7666692328125 0.37935420937500003 0.8048323625 0.3394319984375 0.820452384375 0.25985540625 0.8811345625000001 0.1317043078125 0.9960127921874999 0.07699965625 0.98665239375 0 0.9494527906249999 0 0.9938585171875001 0.012490546875 1 0.1975598796875 1
0 0.3971377140625 0.6566134890624999 0.34120694375 0.603191109375 0.2404780765625 0.5324930875 0.071572675 0.43131265625 0.057720379687500004 0.43435327812499996 0.0557052921875 0.4520177578125 0.08366364375 0.482079246875 0.35920244375 0.6679702234375 0.3971377140625 0.6566134890624999
0 0.45 0.6530273234375 0.3753658 0.6633060640625 0.2367865546875 0.7205146671875 0.20613673437500002 0.71623935 0.1988372109375 0.738572 0.1272365265625 0.7687998375 0.10285757499999999 0.76107500625 0.10900179531250001 0.8179308593750001 0.1227978015625 0.841692625 0.14131443593749998 0.8153031406250001 0.1677225453125 0.79866289375 0.2769203078125 0.7611391703125 0.2917871828125 0.745916009375 0.3260867640625 0.739025003125 0.4207980625 0.6925618015625 0.44947501562500003 0.694399809375 0.45 0.6947000531249999 0.45 0.6530273234375
0 0.798025328125 1 0.7892467468750001 0.9639691859374999 0.76086995 0.7168946921874999 0.766847803125 0.693742290625 0.788206465625 0.7320004125 0.79339516875 0.694438875 0.7793578625 0.5801141875 0.7856378984375001 0.57538690625 0.7933451484375 0.5902653359375 0.80123718125 0.5827026656250001 0.8019257765625 0.5404187515625 0.7837242375000001 0.4081431453125 0.7618617640625001 0.38972783906249997 0.745926609375 0.39564062031249997 0.7368927046875 0.417849525 0.721461359375 0.40391949531249993 0.6879958984375 0.4027536171875 0.671573775 0.41268238124999995 0.6672079156249999 0.43299939218750005 0.677567440625 0.6770112078125 0.7129797375 0.9654212171874998 0.7153294015625 1 0.798025328125 1
0 0.49606909843749997 0.380163709375 0.48701834843749997 0.41819944531250003 0.5555597125 0.8726579031250001 0.5238920640625 0.542907475 0.5095357265625 0.42598450000000004 0.49606909843749997 0.380163709375
0 0.5246648859375 0.4214894125 0.5424131484375 0.5261273421875 0.5416913796875 0.44841088593750006 0.534000975 0.41770562499999997 0.5246648859375 0.4214894125
0 0.45 0.5936288859375 0.48461565 0.8615877859375001 0.50431178125 0.9501617843750001 0.503892196875 0.8908704468749999 0.4502615171875 0.48601166406249996 0.45 0.4861967609375 0.45 0.5936288859375
0 0.5175609718749999 0.7467692781249999 0.469034765625 0.3834831078125 0.4596986796875 0.38726689531249997 0.462217225 0.4397068625 0.5196762625 0.8757451062499999 0.537760396875 0.9671544921875 0.5175609718749999 0.7467692781249999
0 1 0.9113159781250001 0.9927770531250001 0.8176556343750001 0.9748608546875002 0.719631975 0.976069590625 0.7933324484375001 0.9961684609375 0.9570246156250001 1 0.9621037937499999 1 0.9113159781250001
0 0.49959526875 0.39291805 0.4918711765625 0.39386645 0.4899064609375 0.42575720937500006 0.50511933125 0.4937820015625 0.5133303921875 0.4888176203125 0.49959526875 0.39291805
0 0.5371391828125 0.9461310859375001 0.469034765625 0.3834831078125 0.4621166703125 0.3830138140625 0.45904377343749997 0.3978971484375 0.46476946249999995 0.46049316874999996 0.5168049953125 0.8523605109375 0.5371391828125 0.9461310859375001