0 0.6796875 0.41875 0.6796875 0 0.2601022484375 0 0.1876420796875 0.093189853125 0.156774371875 0.159593265625 0.1491332640625 0.23009215312500003 0.1726404546875 0.2869243359375 0.1544332984375 0.3539635625 0.1574479890625 0.41835844218749996 0.1487950546875 0.41763098750000005 0.1468800515625 0.4013274953125 0.1360409734375 0.399416271875 0.135857690625 0.39140104062500003 0.1246539390625 0.38703064375 0.1363121140625 0.38429654687500003 0.1405011203125 0.37864885 0.13512645625 0.372911403125 0.14632831875000002 0.3637105140625 0.142500203125 0.3446748140625 0.1301126828125 0.342490559375 0.11982155781249999 0.3510537453125 0.1236477828125 0.35651815937500003 0.1109872328125 0.3558823453125 0.10434094062499999 0.37546599999999997 0.1011524203125 0.370912321875 0.0936851421875 0.38157000937499996 0.0805465265625 0.41875 0.6796875 0.41875
0 0.714146203125 0 0.68509668125 0.1089933640625 0.6796875 0.13612896875 0.6796875 0.21370445937500002 0.71189888125 0.215048653125 0.7269292609375 0.211299165625 0.7362684859375 0.199079803125 0.787072603125 0 0.714146203125 0
0 0.03987385625 0.41875 0.0205337296875 0.43553065156250004 0 0.48287105781250006 0 0.53037265 0.006794282812499999 0.536087603125 0.02255549375 0.5644120515625 0.0424121796875 0.5695099046875 0.109167034375 0.5078377828125 0.138224609375 0.5241374953125 0.16436480625 0.520763803125 0.1714768625 0.575503371875 0.2009926390625 0.6118411640625 0.26065055937500003 0.6039997640625 0.268299228125 0.5877860187499999 0.2567194640625 0.4995287265625 0.2275683578125 0.4656501125 0.216817140625 0.4406039328125 0.1779228625 0.42576290781250004 0.12782672343749998 0.42012277343750004 0.12565092656250001 0.41875 0.03987385625 0.41875
0 0.652385053125 0.5237926374999999 0.5932675281249999 0.48782329999999996 0.540893603125 0.47699178125 0.5292335390625 0.4661545921875 0.527410178125 0.4538587140625 0.5119257796875 0.451128396875 0.5138370015625 0.44028931875 0.47840427500000005 0.4284535328125 0.47485297187500003 0.4350119640625 0.4627384859375 0.431279271875 0.458003415625 0.44002384687499996 0.3926061578125 0.43966862500000004 0.35116673593750003 0.46189851718749997 0.343705128125 0.5132700640625 0.3643884703125 0.5680077421874999 0.371506196875 0.6634611703125 0.408218109375 0.704261 0.439732971875 0.7066247546875 0.4618636609375 0.6897714171875 0.4713375828125 0.6994248390625 0.485907465625 0.6756502875 0.508675859375 0.659707684375 0.565055509375 0.6568762765624999 0.5925589734375001 0.6321891 0.5849962750000001 0.6116965984375 0.60356999375 0.5606878328125 0.6144071828125 0.54902776875 0.6384528765625 0.548477925 0.6532060390625001 0.5327186046875 0.652385053125 0.5237926374999999
0 0.10145318750000001 0.71004191875 0.11319733125 0.6706015781250001 0.0904232671875 0.6458303203125 0.09196981562499999 0.632532065625 0.08186008125000001 0.6355391953125 0.0801283609375 0.6272509328125 0.0496139859375 0.614685803125 0.03185369375 0.6203353890625 0.0188284703125 0.6172403984375 0.004627040625 0.6706166984374999 0.020390140625 0.7125124359375 0.0315022515625 0.71287521875 0.045804771875 0.731362965625 0.077592665625 0.7321782812500001 0.10145318750000001 0.71004191875
0 0.0803267640625 0.7438364546875 0.0751372703125 0.7596855265625 0.0986387890625 0.7758038484374999 0.128332178125 0.7794430109375 0.13161045 0.77443301875 0.125050128125 0.75731043125 0.1117499828125 0.74219259375 0.0803267640625 0.7438364546875
0 0.1796007453125 0.701469284375 0.17850672812499999 0.69409175625 0.1654815046875 0.69099676875 0.152274890625 0.6934578328125001 0.1562843953125 0.7069374796875 0.1313298578125 0.7216963140624999 0.1532829375 0.737541603125 0.169767821875 0.730070546875 0.1796007453125 0.701469284375
0 0.0946066015625 0.599468765625 0.1208403296875 0.6136739765625 0.1439752875 0.6137618359375 0.157813934375 0.5714976468749999 0.1495237828125 0.55965808125 0.13932240625 0.5586575953125 0.12511530625 0.571320034375 0.1158246671875 0.5696818453125 0.0941484 0.5794306875 0.0946066015625 0.599468765625
0 0.257480940625 0.7351589468749999 0.273876075 0.7372515609375 0.2720527140625 0.7249556828125 0.2618513375 0.723955196875 0.2548384828125 0.727508390625 0.257480940625 0.7351589468749999
0 0.5303615796875001 0.7178152750000001 0.5391042640625 0.7089790578125 0.5421076125 0.6919462203125001 0.5197001109375 0.683205425 0.5098671875 0.7118066875 0.5303615796875001 0.7178152750000001
0 0.6796875 0.63906596875 0.6784506203125 0.6385529078125 0.668153825 0.6064022343750001 0.6460212453125 0.609684284375 0.628816465625 0.680093425 0.6330092515625 0.7015883015625001 0.6196231359375 0.7231767078125 0.62026273125 0.73765873125 0.6396668859375 0.7634323640625 0.644132703125 0.7833788015625001 0.6659043921875 0.804780146875 0.6667272671875 0.8272774015625 0.6796875 0.838008090625 0.6796875 0.63906596875
0 0.5168422406250001 0.4368277671875 0.5085539765625 0.4385594859375 0.52567845625 0.44557045000000006 0.532511809375 0.4611446 0.5510033375 0.4739846515625 0.5906250703125 0.48017274062500004 0.5899854765625 0.4656907203125 0.5773230359375 0.45148361875000004 0.5592878203125 0.4451103578125 0.540343759375 0.4529460875 0.5301404953125 0.43837431562500007 0.5168422406250001 0.4368277671875
0 0.259365025 0.41875 0.2976052640625 0.42611056875 0.3833155203125 0.438030434375 0.41063948281249996 0.4324705984375 0.4064485875 0.4245470078125 0.3900440640625 0.41875 0.259365025 0.41875
0 1 0.41875 0.9228573718749999 0.41875 0.9057103734374999 0.47361826718749994 0.9129329406250001 0.5192550984375 0.903660465625 0.5718419203125 0.8841240875 0.6176896843749999 0.8453650453125 0.7833793578125 0.8475466624999999 0.8034810578125 0.8206631890624999 0.9342952984374999 0.8180449624999999 1 0.9560024531250001 1 0.9531767265625 0.9946304265624999 0.9657467734375 0.890867875 1 0.6966081749999999 1 0.41875