0 0.18661598906250002 0 0 0.039666453125 0 0.24199699218749998 0.0088868140625 0.2469693078125 0.0382953875 0.270241359375 0.026474076562499997 0.30986873125000003 0 0.358622134375 0 0.4390625 0.7890625 0.4390625 0.7890625 0.4291593984375 0.7378209234375 0.1880867375 0.7106634953125 0.17540548125 0.6730946546875 0.1732688 0.59471716875 0.1418480734375 0.610351528125 0.096349121875 0.6662876546875001 0 0.5032332078125 0 0.478353896875 0.0468026734375 0.460165909375 0.06838247187499999 0.44655529843749997 0.040065428125000004 0.43645217656249996 0 0.18661598906250002 0
0 0.7890625 0.2508807171875 0.8144271234374999 0.252536278125 0.8262323531250001 0.250027 0.817905896875 0.23987836406250002 0.821314103125 0.2351811015625 0.9095840093750001 0.21509447812500002 0.88255596875 0.1625713484375 0.86087895625 0.1393691578125 0.8534533453125001 0.1541902734375 0.8158125640625 0.1595425171875 0.8003427656250001 0.13237239218750002 0.7890625 0.1229068109375 0.7890625 0.2508807171875
0 1 0.296065375 0.9847338140625 0.2825502421875 0.9041365046875001 0.25995346874999997 0.8738154843749999 0.2624255734375 1 0.383249990625 1 0.296065375
0 1 0.2202891078125 0.9869848140625 0.21850655937500002 0.8096852921875 0.21778875000000003 0.8038050078125 0.24817270156250001 0.83290763125 0.2565537765625 0.8968520281250001 0.25885328125 1 0.2756383078125 1 0.2202891078125
0 1 0 0.9230963640625 0 0.9326982796875001 0.01286435625 0.9523266171875001 0.013989326562500001 0.968440896875 0.0317525359375 1 0.0495167015625 1 0
0 0.8285915359375 0 0.826698196875 0.0075855875 0.842097428125 0.0427163640625 0.928751440625 0.015027559375 0.9243772484375 0 0.8896321953124999 0 0.8620080359375001 0.011998726562500001 0.847795840625 0 0.8285915359375 0
0 1 0.06461697968749999 0.9534038796875001 0.0190574484375 0.909555884375 0.0283776265625 0.8982187171874999 0.0413816203125 0.8814952375 0.029044999999999998 0.8668910015625 0.0308249515625 0.8442519546874999 0.052852609375000005 0.8427865703125 0.091568071875 0.85370033125 0.1263279921875 0.878750265625 0.148813246875 0.9045858171875001 0.14597028125 0.9234191624999999 0.11018452031249999 0.9853501703124999 0.0864264765625 1 0.07153416093750001 1 0.06461697968749999
0 0.8476342515624999 0.114374621875 0.8396253484375 0.06840305468749999 0.8267428562499999 0.06584421093750001 0.805075221875 0.10488096875 0.8097112 0.1515694734375 0.8191854859375001 0.15882558125 0.8523055140625001 0.157082803125 0.8592277781250001 0.1357473 0.8476342515624999 0.114374621875
0 0.41532829531250004 0.4390625 0.419316503125 0.45782554375 0.449602334375 0.47331949062499995 0.45515401562499996 0.53118551875 0.45003087500000005 0.562641028125 0.472932359375 0.583078628125 0.48346676874999994 0.6247022671875 0.4994167359375 0.632277696875 0.5057602234374999 0.5946581859375 0.49453963593749994 0.5498063359375001 0.5031950015625 0.542905490625 0.49177174062500006 0.48122641250000003 0.4829527734375 0.44767329843750003 0.46798140312500003 0.440733378125 0.46672153281249995 0.4390625 0.41532829531250004 0.4390625
0 0.584395803125 0.4390625 0.585631578125 0.4545277671875 0.6027860078125 0.5352330140625 0.6235898828125 0.56961271875 0.633399040625 0.6316348859375001 0.64980503125 0.6770715734375 0.648838028125 0.7042696078125 0.6643160890625001 0.7532775953125 0.6675674890625001 0.8082585015625 0.6853067578125 0.8837783453124999 0.6826243125 0.9029058546875 0.703262309375 1 0.7890625 1 0.7890625 0.9146834546874999 0.7825700015625 0.9246810249999999 0.7744994765625 0.9263964687499999 0.76789105 0.915148403125 0.754584453125 0.9120722000000001 0.7541516203125 0.9298780234375 0.742217378125 0.9332582406250001 0.7423693859375 0.945878659375 0.7333709328125 0.9511654015625 0.7433986515625 0.9507209750000001 0.7468295375 0.966862025 0.7306884859375 0.9702929109374999 0.7290121187499999 0.9385956499999999 0.7380105718750001 0.9333089093750001 0.7307666359375 0.923039440625 0.7202713015625 0.8577890640625 0.735039996875 0.8479017593750001 0.7337573859375001 0.8220254109375 0.74447128125 0.8248091953125 0.7543469921875 0.8117443468750001 0.752546096875 0.715966390625 0.684899659375 0.4390625 0.584395803125 0.4390625
0 0 0.4390625 0 0.776080759375 0.003375534375 0.8026651906250001 0 0.8216770203125 0 0.8661531046875 0.0284500359375 1 0.298374946875 1 0.28906352968750004 0.9561932296875 0.289383428125 0.9021402500000001 0.273601353125 0.827891421875 0.263027871875 0.8098945171875 0.2437526453125 0.6874642921875 0.2029092171875 0.574679621875 0.1708823546875 0.4390625 0 0.4390625
0 0.5344576109375 0.4390625 0.5317696796875 0.4432015515625 0.5174844859375 0.439489840625 0.508396290625 0.46419650937499995 0.5111409984375 0.47710935 0.5273327171875 0.47788527031249994 0.5486200953125 0.4986659609375 0.5636812109375 0.486185953125 0.5579500421875 0.46715978125 0.563720284375 0.4625592171875 0.5517353734375 0.46173262656249997 0.5522188734375 0.44813361093750004 0.545956490625 0.4390625 0.5344576109375 0.4390625
0 0.422919071875 0.4390625 0.4292428828125 0.4489675046875 0.42381572968750003 0.4551821734375 0.43458029531250003 0.4621727640625 0.43154316562500006 0.451852625 0.4363348125 0.446616553125 0.4498440859375 0.4665199828125 0.4568694578125 0.53925604375 0.44797234374999995 0.5529563984375 0.45003087500000005 0.562641028125 0.472831021875 0.5746650140625 0.480823396875 0.6202030421875 0.48870284062499997 0.6294939125 0.500687753125 0.630320503125 0.5061033109374999 0.5962722921875 0.48592334687500005 0.5330804484375 0.4943369625 0.532979109375 0.4912100890625 0.5420789 0.4971323390625 0.5500987562499999 0.5249658796875 0.5500871625 0.5206070671874999 0.5375174109375 0.4988361875 0.530335740625 0.4967776546875 0.5206511093749999 0.49431377187500003 0.4773120265625 0.5101508078125 0.4486403 0.50197894375 0.4419421296875 0.501693559375 0.4390625 0.4422778734375 0.4390625 0.44474842499999995 0.446515215625 0.4398047734375 0.43913086718749994 0.43236975468749994 0.43986771406249997 0.4321986015625 0.4390625 0.422919071875 0.4390625
0 1 0.4390625 0.7890625 0.4390625 0.7890625 0.57108414375 0.803637059375 0.5736019765625 0.8197274390624999 0.5659642843749999 0.8301257265625 0.5156736859375 0.8430385656249999 0.5129289765625 0.846711203125 0.52227051875 0.850867340625 0.518013040625 0.8885375203124999 0.5285633359374999 0.91495963125 0.54572205625 0.92632063125 0.5753607859375001 0.925544709375 0.5915525031250001 0.9059337 0.6024690749999999 0.8890167296874999 0.6220916796875 0.897999296875 0.69609875625 0.8814760843749999 0.7215422734375 0.878411475 0.7626824125 0.8710777984375 0.7718328718749999 0.856843271875 0.7723279671875 0.8382890078124999 0.736626578125 0.808205853125 0.7379598578125 0.7890625 0.7202438328125 0.7890625 0.7637468796875 0.7910471328125 0.7643819703125001 0.799472340625 0.7921141734375 0.7890625 0.79201809375 0.7890625 0.841560034375 1 0.7959215640625 1 0.539457334375 0.9730674109375 0.5333708671874999 0.9795122359375 0.5041649703125 1 0.4936107625 1 0.4390625