0 0.5390625 0 0 0 0 0.3490971515625 0.2034053609375 0.3348736625 0.3004938046875 0.314894553125 0.33798044531250004 0.322825253125 0.38293265625 0.311767871875 0.42216940625 0.319576190625 0.4356195984375 0.3107216484375 0.5390625 0.309868509375 0.5390625 0
0 0.8304631375 0 0.8339612140625 0.011989846875 0.8230289546874999 0.04807524375 0.8259901703124999 0.06636962187499999 0.8454958828125001 0.0927578140625 0.86211649375 0.0899136390625 0.870760328125 0.1052877234375 0.8568316609375 0.1466284984375 0.8314559109375 0.16858633750000002 0.818381721875 0.198093715625 0.8212258984374999 0.2147143265625 0.850229921875 0.24464320781249999 0.84117031875 0.30750884843750004 0.8432418671875 0.361186375 0.8656326812499999 0.4168069390625 0.8781683250000001 0.427704009375 0.882299953125 0.4627360359375 0.8942913171875 0.4778760390625 0.9141833421874999 0.48573577500000004 0.9229851421875 0.515395384375 0.9172730703124999 0.5780269421875001 0.9050124343749999 0.5830891625 0.8744164968749999 0.5785008406250001 0.8668964125 0.5310911359375 0.8521017984375 0.5119422828125 0.8506154546874999 0.46663358125 0.842556828125 0.4596283234375 0.8338778031249999 0.4678039921875 0.8429718156250001 0.6219074296875 0.8487227125000001 0.6296875 0.8534582187499999 0.6296875 0.8676510546875 0.6260685125000001 0.8687384796875 0.6296875 1 0.6296875 1 0.2898896765625 0.9997098484375 0.28969488593750004 0.9912182453125 0.2524448125 0.9452072984375001 0.243888565625 0.9366805046875001 0.230188246875 0.942860740625 0.1742517484375 0.97345094375 0.1426785578125 0.9917453203125 0.13971734062500002 1 0.1426614703125 1 0.120601440625 0.9960234437499998 0.1167118671875 0.984342278125 0.0939814 0.96184469375 0 0.8304631375 0
0 0.6918426249999999 0.24058118125 0.6861542734375 0.207339959375 0.6773172828125 0.20123010468750002 0.669843859375 0.20259367187500002 0.6537323374999999 0.22474466718750002 0.6752629390625 0.2560371171875 0.6851884890625 0.2536611046875 0.6918426249999999 0.24058118125
0 0.6356720453125 0.231053415625 0.626753203125 0.19972004062499998 0.6134801234375 0.202330134375 0.6084236375 0.2262310109375 0.6112678125000001 0.242851621875 0.624230696875 0.2478319921875 0.6356720453125 0.231053415625
0 0.752015540625 0.451663015625 0.7524018546875 0.4331345578125 0.7303269734375 0.4060850421875 0.7158482921875 0.4155072390625 0.7141393359375 0.43917403281249995 0.731620159375 0.460657971875 0.745127321875 0.461395409375 0.752015540625 0.451663015625
0 0.7199799203125 0.45053926562499996 0.73508473125 0.46209765625 0.7468010875 0.46127836875000006 0.7553630703125 0.45142893281249996 0.7578094640625 0.4142549765625 0.749709909375 0.3946379578125 0.7577276125 0.3890314578125 0.7583480078125 0.3738505296875 0.7465498015625001 0.3494462984375 0.7317199953125 0.3538471984375 0.7412240421874999 0.3935494 0.717170934375 0.4103689015625 0.7132030078125 0.4257839109375 0.7199799203125 0.45053926562499996
0 0.784443209375 0.4704198203125 0.79701404375 0.45776713750000003 0.8207978796875001 0.46114985624999993 0.8327073921875 0.451066340625 0.8202069390625001 0.41661951718749995 0.8215181109374999 0.3391581546875 0.813108359375 0.3271316015625 0.8055178953125001 0.32682140312499997 0.7915073781249999 0.3429386609375 0.80003990625 0.3928004921875 0.7650545390625 0.44570539218749994 0.7711292046875 0.4604181546875 0.784443209375 0.4704198203125
0 0.7457534546875 0.48237599375 0.7332996609375 0.49670244375 0.7342359890625 0.510092565625 0.7424116578125 0.518771590625 0.7544382125 0.5103618390625 0.7457534546875 0.48237599375
0 0.5390625 0.34749094999999997 0.5478750984375 0.3465194921875 0.54611948125 0.3214130140625 0.5390625 0.321265878125 0.5390625 0.34749094999999997
0 0.8127932062500001 0.058041718750000006 0.8164509343749999 0.050217175 0.8028971125 0.0007064640625 0.7929715625 0.0030824765625 0.7894718000000001 0.025192546875 0.7930182218749999 0.05185575 0.8011938921875 0.0605347734375 0.8127932062500001 0.058041718750000006
0 0.163773178125 0.6296875 0.165105396875 0.636486709375 0.16561577968750002 0.6757133265624999 0.19043824375 1 0.2329443125 1 0.22632721406249998 0.9053710796875001 0.2215704 0.8852371859374999 0.21650665937500002 0.8287862359375 0.21290257499999998 0.777245428125 0.21457528125 0.7612564625 0.209185428125 0.7161057890625 0.20835532968749998 0.672307003125 0.20173131406249997 0.6296875 0.163773178125 0.6296875
0 0.5390625 0.6296875 0.2045571109375 0.6296875 0.2052389578125 0.643704715625 0.20605597968749997 0.6474067406249999 0.21108237500000002 0.6514409453125001 0.223770221875 0.6493006718750001 0.24443763437500002 0.6495262015625001 0.2575614578125 0.653620703125 0.2802180953125 0.6503656609374999 0.28828805625 0.6460421968750001 0.3015313375 0.6438630843750001 0.3202095265625 0.6475691875 0.3238311984375 0.6554607765625 0.32912077968750003 0.6592677328125001 0.337860840625 0.660536146875 0.3425077890625 0.6631349906249999 0.35706540000000003 0.663787759375 0.3651934921875 0.6602955984375 0.37621502812499996 0.6582718453124999 0.3808329109375 0.6604550359375 0.39153153125 0.6617953359375 0.398106378125 0.668018525 0.4063232640625 0.6618052078125001 0.4097462765625 0.6548829015625001 0.410217715625 0.6456608859374999 0.41635817968750005 0.6416811874999999 0.4257715375 0.64060525625 0.43661548281250007 0.644023815625 0.4494195890625 0.6435461499999999 0.4753475171875 0.647162984375 0.49095787343749997 0.646906771875 0.5061581171875 0.6487676546875 0.5169439328125 0.6513549109375 0.5388934125 0.66193289375 0.5390625 0.6619366671875 0.5390625 0.6296875
0 0 0.6296875 0 0.7052380859375 0.0015796109375 0.70451774375 0.0132147125 0.703286453125 0.0224536765625 0.6997166140625 0.026955299999999998 0.7002371984375 0.047151275 0.7096847453125 0.058757312500000006 0.708037803125 0.06951885937499999 0.698305075 0.0750764234375 0.689980453125 0.0849305546875 0.683234965625 0.10311463437499999 0.679874990625 0.1164419140625 0.6868790546875 0.1241017640625 0.6846726890625 0.138959621875 0.665673309375 0.150801378125 0.659415359375 0.156326678125 0.6586113078125 0.160158203125 0.6535400140625 0.162357278125 0.637096559375 0.159612359375 0.6297701874999999 0.159513446875 0.6296875 0.14187289375 0.6296875 0.1344417234375 0.6329921859375001 0.12382710156250001 0.6408350625 0.11028997031250001 0.6467938796875 0.09853540937500001 0.6542987859375 0.09446976406249999 0.6600129765625 0.0882437015625 0.658777609375 0.072397628125 0.66364483125 0.060704396875 0.6640448171875 0.0563787625 0.66205003125 0.0549223046875 0.6492036703124999 0.050188160937500004 0.645357871875 0.053930890625000005 0.6430077359374999 0.056272095312500006 0.6365787609375 0.055952378125 0.632006590625 0.0537231390625 0.6296875 0 0.6296875