0 0.016701460937500003 0.2325870640625 0.001043840625 0.199004975 0.0020876828125 0.25497512499999997 0.016701460937500003 0.245024875 0.016701460937500003 0.2325870640625
0 0.07098121093750001 0.670398009375 0.0814196234375 0.6330845765625 0.074112734375 0.619402984375 0.061586639062500004 0.6169154234375 0.05636743281249999 0.6455223875 0.06263047968749999 0.6679104484375 0.07098121093750001 0.670398009375
0 0.334029228125 0.4888059703125 0.344467640625 0.49875621875 0.358037578125 0.4975124375 0.363256784375 0.48134328281250005 0.3590814203125 0.45646766093749996 0.34759916562500004 0.45024875625 0.334029228125 0.4614427859375 0.334029228125 0.4888059703125
0 0.21920668124999998 0.0360696515625 0.21920668124999998 0.0062189062500000005 0.1847599171875 0.0024875624999999998 0.183716075 0.0335820890625 0.21085595000000001 0.0460199 0.21920668124999998 0.0360696515625
0 0.665970771875 0.0062189062500000005 0.62734864375 0.0049751249999999995 0.6242171187500001 0.031094528125 0.6461377875000001 0.0572139296875 0.655532359375 0.055970149999999996 0.665970771875 0.0062189062500000005
0 0.30897703593750003 0.055970149999999996 0.325678496875 0.031094528125 0.3277661796875 0.0087064671875 0.2870563671875 0.0024875624999999998 0.2860125265625 0.0360696515625 0.2954070984375 0.05472636875 0.30897703593750003 0.055970149999999996
0 0.0480167015625 0.9912935328125 0.04592901875 0.9639303484375 0.001043840625 0.9353233828124999 0 0.99875621875 0.041753653125 0.99875621875 0.0480167015625 0.9912935328125
0 0.334029228125 0.0136815921875 0.3319415453125 0.1082089546875 0.3423799578125 0.128109453125 0.344467640625 0.07338308437499999 0.36743215 0.050995025000000006 0.3590814203125 0.0385572140625 0.36743215 0.0335820890625 0.358037578125 0.0049751249999999995 0.334029228125 0.0136815921875
0 0.41022964531249995 0 0.4050104390625 0.043532339062499995 0.41962421718750004 0.0634328359375 0.42171190000000003 0.1106965171875 0.43006263125000005 0.123134328125 0.44050104375 0.0932835828125 0.43423799531249996 0.011194029687499999 0.42693110624999997 0 0.41022964531249995 0
0 0.7766179546875 0.9116915421874999 0.7828810015625 0.9116915421874999 0.793319415625 0.8345771140625 0.7860125265625 0.728855721875 0.7766179546875 0.769900496875 0.7599164921875 0.7997512437500001 0.7703549062499999 0.8843283578125 0.7766179546875 0.9116915421874999
0 0.1179540703125 0.13184079531249998 0.1315240078125 0.13059701562499998 0.1482254703125 0.1106965171875 0.14196242187500002 0.011194029687499999 0.13883089843750002 0.0024875624999999998 0.1179540703125 0.0024875624999999998 0.1127348640625 0.12064676562500001 0.1179540703125 0.13184079531249998
0 0.801670146875 0.1131840796875 0.8100208765625 0.09825870625000001 0.8141962421875 0.00373134375 0.7776617953125 0 0.7703549062499999 0.0136815921875 0.774530271875 0.10572139375 0.801670146875 0.1131840796875
0 0.471816284375 0.9166666671874999 0.4697286015625 0.99626865625 0.5156576203125 0.99875621875 0.5156576203125 0.9166666671874999 0.5031315234375 0.9067164171875 0.5020876828125 0.8905472640625 0.48747390468749996 0.8955223875 0.4832985390625 0.8855721390625 0.471816284375 0.9166666671874999
0 0.201461378125 0.7661691546875 0.18789144062500002 0.8395522390625001 0.19206680625 0.9340796015624999 0.20250521875 0.9514925375000001 0.2045929015625 0.9365671640625 0.21920668124999998 0.9315920390624999 0.21920668124999998 0.879353234375 0.2317327765625 0.8544776125 0.233820459375 0.8246268656250001 0.201461378125 0.7661691546875
0 0.3298538625 0.29726368124999997 0.344467640625 0.3171641796875 0.3590814203125 0.3097014921875 0.3653444671875 0.220149253125 0.3590814203125 0.1554726375 0.3413361171875 0.1368159203125 0.3298538625 0.1579601984375 0.3298538625 0.29726368124999997
0 0.7045929015625 0 0.6972860125 0.011194029687499999 0.6972860125 0.055970149999999996 0.7223382046875 0.1181592046875 0.7139874734375 0.1504975125 0.728601253125 0.1878109453125 0.7181628390625 0.220149253125 0.7244258875 0.2574626859375 0.7348643 0.2599502484375 0.7369519828125 0.12064676562500001 0.7494780796875 0.070895521875 0.7515657625000001 0.0136815921875 0.744258871875 0 0.7045929015625 0
0 0.551148225 0.1455223875 0.5720250515624999 0.14800995 0.6002087687500001 0.129353234375 0.6075156578125 0.1131840796875 0.6075156578125 0.026119403125000003 0.5939457203125 0 0.5490605421875 0.0062189062500000005 0.551148225 0.1455223875
0 0.398747390625 0.8022388062499999 0.4050104390625 0.8495024875 0.42171190000000003 0.85199005 0.45511482187499996 0.8171641796875001 0.453027140625 0.727611940625 0.43632567812499995 0.675373134375 0.41649269375 0.6666666671875 0.40292275625 0.7077114421874999 0.398747390625 0.8022388062499999
0 0.096033403125 0.99875621875 0.0918580375 0.8171641796875001 0.0814196234375 0.7873134328125 0.061586639062500004 0.778606965625 0.05427975 0.7873134328125 0.05427975 0.99378109375 0.096033403125 0.99875621875
0 0.6805845515625 0.876865671875 0.682672234375 0.9838308453125 0.6899791234375 1 0.7244258875 0.99875621875 0.7348643 0.8818407953125 0.7202505218749999 0.8097014921874999 0.7223382046875 0.75 0.7045929015625 0.726368159375 0.6972860125 0.8121890546874999 0.6805845515625 0.876865671875
0 0.6127348640625 0.674129353125 0.601252609375 0.769900496875 0.609603340625 0.7873134328125 0.6127348640625 0.85074626875 0.6242171187500001 0.8022388062499999 0.6263048015625 0.9315920390624999 0.6315240078125 0.95024875625 0.6430062624999999 0.949004975 0.6576200421875 0.9141791046875 0.6617954078125 0.7624378109375 0.6482254703125 0.69402985 0.6242171187500001 0.7475124375 0.6221294359375 0.6927860703125 0.6127348640625 0.674129353125
0 0.47599165 0.24751243750000002 0.48434237968750005 0.2898009953125 0.501043840625 0.29228855781249996 0.5156576203125 0.2574626859375 0.52400835 0.0634328359375 0.5156576203125 0.00373134375 0.4832985390625 0 0.4739039671875 0.10572139375 0.47599165 0.24751243750000002
0 0.1534446765625 0.6616915421875 0.12630480156249999 0.65174129375 0.1189979125 0.69527363125 0.12317327812500001 0.9689054718750001 0.1252609609375 0.9888059703125001 0.1398747390625 0.99626865625 0.1565762 0.9689054718750001 0.150313153125 0.9166666671874999 0.169102296875 0.8370646765625 0.17536534374999999 0.7425373140625 0.169102296875 0.6828358203125 0.1534446765625 0.6616915421875
0 0.5344467640625 0.75 0.5386221296875 0.9863184078125 0.54592901875 1 0.5866388312499999 0.99875621875 0.5929018796875 0.9689054718750001 0.5929018796875 0.754975125 0.582463465625 0.7101990046875 0.5782881 0.628109453125 0.568893528125 0.6144278609375 0.5344467640625 0.75
0 0.49478079375000006 0.4912935328125 0.49895615937500004 0.468905471875 0.48434237968750005 0.45149253749999996 0.501043840625 0.44402985 0.5073068890625 0.4141791046875 0.5052192062499999 0.3868159203125 0.495824634375 0.373134328125 0.4832985390625 0.373134328125 0.47807933125 0.38432835781249997 0.48643006250000004 0.49626865625 0.4739039671875 0.5186567171875 0.4655532359375 0.7151741296874999 0.46764091875 0.7823383078124999 0.47807933125 0.8072139296874999 0.4739039671875 0.8569651734375 0.48434237968750005 0.8594527359375 0.5031315234375 0.8569651734375 0.501043840625 0.8047263687499999 0.5167014609375 0.800995025 0.5260960328125 0.779850746875 0.517745303125 0.5659203984375 0.49478079375000006 0.4912935328125
0 0.2964509390625 0.6156716421875 0.2818371609375 0.5932835828125 0.2818371609375 0.575870646875 0.2964509390625 0.5634328359375 0.2964509390625 0.4912935328125 0.2818371609375 0.40671641718749996 0.2724425890625 0.39800995 0.25678496875 0.5161691546875 0.2588726515625 0.55597015 0.271398746875 0.580845771875 0.2630480171875 0.6082089546875 0.25678496875 0.8097014921874999 0.27348642968750003 0.8470149250000001 0.279749478125 0.9092039796875 0.29436325625 0.9166666671874999 0.3235908140625 0.8345771140625 0.325678496875 0.79477611875 0.3131524015625 0.745024875 0.3131524015625 0.6654228859375 0.298538621875 0.64800995 0.2964509390625 0.6156716421875
0 0.046972859374999995 0.0024875624999999998 0.0396659703125 0.0161691546875 0.04592901875 0.4888059703125 0.0584551140625 0.5261194031249999 0.050104384375 0.5584577109375 0.0584551140625 0.6082089546875 0.07098121093750001 0.575870646875 0.0647181625 0.5435323390625 0.0918580375 0.49875621875 0.09812108593749999 0.429104478125 0.090814196875 0.0024875624999999998 0.046972859374999995 0.0024875624999999998