0 0.4467627671875 0.084078659375 0.46475638906250005 0.081584978125 0.468585421875 0.06752738593749999 0.46004678125 0.0546889078125 0.43123591718750004 0.049608775 0.416930203125 0.0618190453125 0.4213462859375 0.07506389218750001 0.4467627671875 0.084078659375
0 0 0.087265328125 0.0238308375 0.0933677078125 0.057198909374999996 0.0879185125 0.0456534921875 0.07681643437499999 0 0.0666708203125 0 0.087265328125
0 0.0902672171875 0 0.1044267703125 0.01918243125 0.17136235625000001 0.0377847140625 0.2668152828125 0.0478159078125 0.27738604375000003 0.033813776562499995 0.25914594062499996 0.014731514062500001 0.175599375 0 0.0902672171875 0
0 0 0.41098269062500004 0.144662534375 0.434260990625 0.14398140312500002 0.422808 0.1058566828125 0.409285853125 0.069869440625 0.4142732171875 0.03329515 0.39195814218749997 0 0.394566725 0 0.41098269062500004
0 0 0.27049186875000003 0.013775590625 0.2729208765625 0.032156818749999996 0.2682289625 0.057033292187499994 0.2420165625 0.058290198437499996 0.21957241718749998 0 0.20839112499999998 0 0.27049186875000003
0 0 0.178811203125 0.1827421578125 0.20298484218750001 0.2221237828125 0.1940628453125 0.22260547343749998 0.1760151609375 0.179630021875 0.1593711203125 0.0307249640625 0.1308485640625 0 0.1282027734375 0 0.178811203125
0 0.659375 0.23326505156250002 0.4655071109375 0.2075123875 0.4396089390625 0.21654530468750002 0.3232967390625 0.1869700171875 0.3105414578125 0.190387359375 0.30821581249999996 0.2035767484375 0.3208770109375 0.21600885625 0.34930026875000003 0.223287221875 0.38189312656249996 0.222234490625 0.3928514953125 0.206034128125 0.40847242968749997 0.2246545609375 0.432820171875 0.2244145703125 0.5071315734375 0.26245002500000003 0.659375 0.2954649546875 0.659375 0.23326505156250002
0 0.4263690875 0 0.46964288749999994 0.015582570312499999 0.5455988046875 0.028975646875 0.5614079046875 0.015897178125 0.5797420921875001 0.019129989062499998 0.6006013640625001 0.038674082812499996 0.6342629609375 0.0468761078125 0.6498838953125 0.065496540625 0.659375 0.067170078125 0.659375 0.010845951562500001 0.5989455765625 0.0021168859375 0.5685842812499999 0.0058296781249999995 0.5607712859375 0 0.4263690875 0
0 1 0.12363886875 0.9931734078125001 0.1212291515625 0.9676670296874998 0.12106186562500001 0.9144648421875001 0.1544413875 0.8998241046875 0.1778408953125 0.89154181875 0.20777429218750001 0.896523921875 0.21785439687500002 0.9108022984374999 0.22632605312499998 0.938835759375 0.2675343453125 0.979256359375 0.276826678125 1 0.26957375 1 0.12363886875
0 0.3970203875 0.61875 0.4142490453125 0.6536117890625001 0.3932385609375 0.7115046453125 0.3528052328125 0.7417070171875 0.29448376718749997 0.75848896875 0.267972865625 0.755680975 0.1025149375 0.6985073828124999 0.07191567812500001 0.6959117984375001 0.0638044828125 0.7112809125 0.069108340625 0.7271488703125 0.132038128125 0.7914429890625 0.2094674296875 0.8424277265625 0.31794204062500003 0.8858204359374999 0.38144052031250003 0.893283746875 0.50472965625 0.883290865625 0.5672705203125 0.8961851 0.659375 0.943269503125 0.659375 0.7024701515625 0.648312753125 0.68928375625 0.6132809796875 0.61875 0.3970203875 0.61875
0 1 1 1 0.61875 0.979840446875 0.61875 0.9174163656250001 0.80556845 0.8116559578124999 0.8086017453125001 0.7871580453125 0.872940840625 0.786081025 0.9088871109374999 0.7973721453125 0.93436655625 0.8285705859375 0.9588391765625 0.8946752609375 0.9867564953125001 0.9697829078125 1 1 1