0 0 0.6 0.51875 0.6 0.51875 0.569033409375 0 0.596697275 0 0.6
0 0.51875 0.421921978125 0.5005059843749999 0.4225225484375 0.47526678593750005 0.4129476046875 0.2610528328125 0.44153471250000004 0.20384478125 0.44326712031250004 0.1836534203125 0.435607165625 0 0.452240571875 0 0.48904207031249997 0.028383540625 0.48728811875 0.10778040468750001 0.4749322453125 0.181761984375 0.47883082187500003 0.5037141921875 0.44497788906249996 0.51875 0.44651028750000005 0.51875 0.421921978125
0 0.27739749687500004 0.2067910671875 0.28076232343749996 0.19634991875000002 0.2727701109375 0.1991767578125 0.27739749687500004 0.2067910671875
0 0.4141072265625 0.18248959843749998 0.41952371250000003 0.20138857031250001 0.43445640625 0.1924064859375 0.4250438109375 0.174920934375 0.4141072265625 0.18248959843749998
0 1 0.6 1 0 0.7732284593750001 0 0.76490329375 0.003261859375 0.7599668671875 0.008091656249999999 0.7515411796875 0.010791240625 0.731851659375 0.025885692187499997 0.722908625 0.03627166875 0.7189241265625 0.0459152109375 0.71810333125 0.051776217187499994 0.71926955625 0.06593989375 0.7203181390625 0.0708787796875 0.7232447171875 0.0775329453125 0.7288921984375 0.0841287484375 0.7347475906250001 0.0874125078125 0.743244471875 0.0957875625 0.7488698421875 0.09829600468750001 0.7584898515624999 0.10764772812500001 0.76899434375 0.1145633953125 0.7720505390625 0.1180428921875 0.781891946875 0.12553253125 0.7858963203125 0.1300009265625 0.78946874375 0.1308063203125 0.7929299109375 0.1350489 0.7976621765624999 0.1373559921875 0.8100165718750001 0.1480993125 0.8149275406250001 0.1542190140625 0.8139317937499999 0.16009225625 0.8050940328125 0.1732407765625 0.7899543265625001 0.1830048625 0.7860308843749999 0.18723622499999998 0.7820621078125 0.18830515 0.778203475 0.1909491765625 0.7695001984375001 0.199735584375 0.765310021875 0.20266659531250003 0.763099365625 0.20625058593749998 0.7563853437500001 0.21331508906250002 0.751182184375 0.21684453593750003 0.74619331875 0.22972391406249998 0.745289359375 0.23690973906249999 0.7458217109375 0.24452272812500003 0.7476240453124999 0.25521251718750004 0.749234190625 0.260639734375 0.7534037765624999 0.26747078125 0.7594011546875 0.2740421171875 0.76405025625 0.27767402812499997 0.7717825296875 0.2876853546875 0.7854619796875 0.302293025 0.7903313640625 0.3090751375 0.7949070375 0.31165698124999996 0.7974750953124999 0.31569821249999996 0.803882315625 0.3218451875 0.8066436812500001 0.326136703125 0.82046136875 0.34020710468750004 0.8230979859375 0.346485846875 0.8242016390625 0.3522122828125 0.8234969703124999 0.3534486609375 0.8169762593750001 0.36076344531250004 0.8146457218750001 0.365147221875 0.8098756250000001 0.36732738125000003 0.8049208406249999 0.37189466250000003 0.8013375609375 0.3784764421875 0.796557728125 0.3830314875 0.7928129859374999 0.3910754609375 0.7889813296874999 0.39661940625000003 0.7838774546874999 0.409111128125 0.7836463171875 0.4133480984375 0.7844918546875 0.42041158593750005 0.788263971875 0.434129240625 0.7909788875 0.44027060625000003 0.8160256078125 0.47413223593750004 0.8313983687500001 0.49284230625000003 0.8351996968750001 0.4994353046875 0.8492927375000001 0.5174434578125 0.8549072562500001 0.527339071875 0.8581200421874999 0.53054381875 0.8568073609375 0.533141715625 0.8540999484375 0.5346500390625 0.8487390765624999 0.5434665234375 0.8459484984374999 0.546299665625 0.83797575 0.5617619015625 0.8366301046875 0.5676596093749999 0.8337282671875 0.5739299375 0.8350791796875001 0.5857064953125 0.8366893265625001 0.5911337125 0.840579921875 0.6 1 0.6
0 0 0.83306123125 0.0211178171875 0.86484074375 0.062343965625 0.834112321875 0.0396237015625 0.80785546875 0 0.8106262281250001 0 0.83306123125
0 0.056668278125000006 0.9137620906249999 0.018259514062500003 0.892886225 0.0878290015625 0.9458546390624999 0.13698122968749998 0.9595533390625001 0.1273483515625 0.9366652671875 0.139973975 0.8415357218749999 0.111116259375 0.7964303125 0.112524953125 0.7706281703125 0.0860520734375 0.759627515625 0.07036357343750001 0.7650085 0.07922488125 0.8457837125000001 0.070527234375 0.85924373125 0.08310024218749999 0.9012039375 0.056668278125000006 0.9137620906249999
0 0.51875 0.9160472937499999 0.515971865625 0.9116320328124999 0.470572253125 0.882677134375 0.47969075156249996 0.9441566343750001 0.51875 0.9506639609375 0.51875 0.9160472937499999
0 0.4090106765625 0.9212534578125 0.402873225 0.9024049015625 0.322004978125 0.8716462734375 0.266797128125 0.8862166312499999 0.2630445140625 0.9014728281250001 0.324728834375 0.9335729265625 0.374693546875 0.9129432953125001 0.4090106765625 0.9212534578125
0 0.51875 0.7436786953125 0.4412118578125 0.71551459375 0.327557921875 0.72132008125 0.198811696875 0.7410327453125001 0.1982564015625 0.7560653625 0.21922895312500001 0.7803024578125 0.226856928125 0.8204664859375 0.2556328140625 0.8184542796875001 0.282701903125 0.837981121875 0.3422585765625 0.81668075625 0.38271315625 0.843839475 0.40999852031249995 0.8205117968750001 0.5097116703125 0.822107053125 0.51875 0.8122078421874999 0.51875 0.7436786953125
0 0.51875 0.9158003265625 0.515971865625 0.9116320328124999 0.470572253125 0.882677134375 0.4600450625 0.8469997796875 0.432718784375 0.8467686499999999 0.40858982812500005 0.8463139406250001 0.4051353171875 0.8658332328125 0.4679711421875 0.8914269015624999 0.4802460453125 0.9291240140625 0.47389231875000004 0.9531299796875 0.5020719953125 0.9425915843749999 0.51875 0.949611921875 0.51875 0.9158003265625
0 0.51875 1 0.6677389109374999 1 0.6559559937499999 0.8314964484375 0.6527718359375 0.814632028125 0.6402065515625 0.8069671390625001 0.6104778015625 0.8118938218749999 0.609340921875 0.8959847875 0.51875 0.897471159375 0.51875 1
0 0.8394422984375 1 0.8446200156250001 0.9777831671874999 0.8404584078124999 0.9182694031249999 0.82511871875 0.8709286703125001 0.766190175 0.8166685078124999 0.6382114234375 0.8071066515625 0.6128692734375 0.8174222875 0.6145604390624999 0.827271490625 0.6230430859375 0.8195587109375 0.6200436890625001 0.8340076812499999 0.62842054375 0.83911760625 0.630204090625 0.8646235062500001 0.6379864312500001 0.861231465625 0.6223159593750001 0.8808382531250001 0.6586246078125 0.883994996875 0.66601060625 0.8749349796875 0.6807691890625 0.88529434375 0.7472029328125 0.88919238125 0.7806045656249999 0.922454790625 0.7881619140625 0.9731875640625001 0.7749797218750001 1 0.8394422984375 1