0 0.14161646249999998 0.51875 0.142046184375 0.5036628609375 0.1287021015625 0.47087681249999996 0.0918137796875 0.44729737812500003 0.0805906796875 0.48456001875 0.086728353125 0.5129401125 0.089740178125 0.51875 0.14161646249999998 0.51875
0 0.699452234375 0.51875 0.7034939390625 0.47764510937500004 0.715128834375 0.4575830140625 0.7311063499999999 0.47196923437500005 0.748151903125 0.4744589296875 0.7612932750000001 0.467004190625 0.7833110453125001 0.46754179531249995 0.7953879687500001 0.4559140734375 0.80205423125 0.4217345625 0.7732077328125 0.3877246875 0.7765850671875001 0.37147837031250003 0.799402071875 0.3711283359375 0.813773946875 0.41942884999999996 0.8284217953125002 0.42458146562500004 0.8829501343749999 0.3515262015625 0.8805560171875001 0.3381196125 0.870968790625 0.33270178281249996 0.8400710359375001 0.340241340625 0.8364392453124999 0.3032185140625 0.844703978125 0.2672637234375 0.8351203375 0.245776384375 0.82776835 0.17004385625000001 0.815256575 0.141098190625 0.8029144359375 0.1476652921875 0.7922555859375 0.17021349375 0.7966686796875 0.28669622031249997 0.8042118234375 0.301524465625 0.8061567406249999 0.33863569843749997 0.8021605703125001 0.3430738984375 0.775531375 0.319096865625 0.7455212609374999 0.3274356578125 0.7075152171875001 0.36072035625 0.70475313125 0.40484430156249995 0.6770523171875 0.40883330156250003 0.66666226875 0.4203726171875 0.6661246625 0.4423903875 0.6927460734374999 0.51875 0.699452234375 0.51875
0 0.409375 0.3889375859375 0.43699291875 0.379126596875 0.44072387500000004 0.3696277765625 0.41276142968749996 0.3524866453125 0.409375 0.33242643125 0.409375 0.3889375859375
0 0.49718995781249997 0.365822759375 0.48839837968750005 0.375586796875 0.4889288109375 0.38570804375 0.5042839031249999 0.40435565 0.5169796625 0.4045360484375 0.524706790625 0.39059902812499997 0.52391114375 0.37541715937500003 0.5124602312500001 0.36671398593750004 0.49718995781249997 0.365822759375
0 0.5636852953125 0.3758699453125 0.5586210859375 0.39220466875 0.5816149015625001 0.3952283828125 0.5983916515625001 0.4087269625 0.5906573500000001 0.4548029984375 0.6000641796874999 0.4729165875 0.6122259203125 0.479045246875 0.6211094906250001 0.4548985765625 0.61419235625 0.419739434375 0.6515723921875 0.4067856328125 0.6561945734375 0.38201653750000003 0.61003371875 0.3565258546875 0.5965387265625 0.357233096875 0.5636852953125 0.3758699453125
0 0.6131113 0 0.6258810484375 0.158634725 0.615126621875 0.21163506875000002 0.6169759593749999 0.2791984421875 0.6286036828125 0.2912753640625 0.6379256921875001 0.291632571875 0.6527539390625 0.28408942656249997 0.6517002484375001 0.231707921875 0.6367422796875 0 0.6131113 0
0 0.7194619515625 0.13681528437499998 0.7279847281249999 0.13806013125 0.740242046875 0.11373665 0.7391811828125 0.093494159375 0.7220508125 0.0732480828125 0.7069537625000001 0.0918001125 0.7066813734374999 0.11887850468750001 0.7194619515625 0.13681528437499998
0 0.5373751140625 0.11591092031250001 0.5441226109375 0.1155572984375 0.556026309375 0.08448631875 0.5501700390625001 0.06956966875000001 0.5371206578125001 0.0626417734375 0.528417484375 0.0740926859375 0.5278798796874999 0.09611045625 0.5373751140625 0.11591092031250001
0 0.46830885 0.089083396875 0.4710637609375 0.07709846718749999 0.461476534375 0.0716806359375 0.4580991984375 0.0879269546875 0.46830885 0.089083396875
0 0.37944886875 1 0.034934521875 0.7396947671875 0 0.7980588171875 0 1 0.1239420453125 1 0.252701996875 0.9610851828125 0.24269376406249998 1 0.37944886875 1
0 0.27215375937499997 0.51875 0.2148609484375 0.754183353125 0.159784884375 0.8272296140625001 0.374552209375 0.9913737499999999 0.40675500937500003 1 0.409375 1 0.409375 0.956009396875 0.27502929374999996 0.51875 0.27215375937499997 0.51875
0 1 1 1 0.7350125546875 0.99030324375 0.7198827781249999 0.683467840625 0.7323086984375 0.6723068781249999 0.7529941578124999 0.6771298390625 1 1 1