0 0.08843442500000001 0.659375 0.0785389609375 0.43978822500000003 0.076554421875 0.659375 0.08843442500000001 0.659375
0 0.365576928125 0.659375 0.3500779859375 0.6104895796875 0.34823018906250003 0.3867308421875 0.340129846875 0.276358165625 0.328019215625 0.230982503125 0.3219034140625 0.2932534171875 0.33651313437499997 0.4228524359375 0.3395047859375 0.659375 0.365576928125 0.659375
0 0.1566921734375 0.659375 0.1519346875 0.4592284859375 0.14101355625 0.36410073125000003 0.1348977546875 0.42637164531250005 0.14119094375000002 0.659375 0.1566921734375 0.659375
0 0.122385190625 0.659375 0.11662311249999999 0.4405048890625 0.1077110703125 0.3425792125 0.10458435625 0.5760947609375 0.106924621875 0.659375 0.122385190625 0.659375
0 0.37480469375 0.659375 0.3648086734375 0.5701711031250001 0.36550270625 0.659375 0.37480469375 0.659375
0 0.380742178125 0 0.39067788281250004 0.4605869109375 0.393554771875 0.507505175 0.4020732359375 0.5239335953125 0.3943743609375 0.5544593484375 0.3972030359375 0.5986156015625 0.4052393921875 0.58742391875 0.4008837359375 0.5736856890625 0.41010959218750004 0.5127419140625 0.3947142671875 0 0.380742178125 0
0 0.07891764531249999 0.04883809375 0.071210878125 0.0199626734375 0.064275490625 0.035279415625 0.070833078125 0.0572677671875 0.07891764531249999 0.04883809375
0 0.0719419328125 0.1207940015625 0.0733882640625 0.2036543078125 0.08156925312499999 0.20074865625 0.0785959421875 0.148306371875 0.0885931765625 0.131554759375 0.0852902765625 0.1191795796875 0.0719419328125 0.1207940015625
0 0.0401305703125 0 0.032130070312499995 0.08004614374999999 0.035296225 0.14353646874999998 0.0454380921875 0.1350708859375 0.04858846875 0.0797588609375 0.046570640625 0 0.0401305703125 0
0 0.08308045625 0.051528284375 0.0691535796875 0.0199985828125 0.06437191249999999 0.0408034359375 0.0709295 0.0627917859375 0.08308045625 0.051528284375
0 0.0433325796875 0.13234478593750001 0.0389690359375 0.05920538125 0.03222649375 0.085570165625 0.0352480140625 0.140774459375 0.0433325796875 0.13234478593750001
0 0.095234025 0 0.104970928125 0.24454580625000003 0.11305549374999999 0.236116134375 0.10476392187500001 0 0.095234025 0
0 0.1223584703125 0.659375 0.1170570125 0.46536298125000003 0.10603945937499999 0.36471120625000003 0.1106758078125 0.659375 0.1223584703125 0.659375
0 0.1466472453125 0.2742097125 0.1386512140625 0.22876222968749998 0.1316676140625 0.24131696093750002 0.1368428578125 0.30200936562499997 0.1466472453125 0.2742097125
0 0.8111009546875 0 0.8046219359375 0.185728359375 0.7992444625 0.2616925578125 0.797942603125 0.29464014375 0.7849583375 0.45710523593749997 0.7695631781250001 0.6043429078125 0.7627052875 0.659375 0.9215557046875 0.659375 0.9324292812500001 0.549011159375 0.9399861140624999 0.45964810624999997 0.949274278125 0.315857234375 0.954185465625 0.21317955 0.9560634624999998 0.1978772671875 0.9585308906249999 0.193301065625 0.967653109375 0.19361900781250002 0.9705684171875 0.1916594328125 0.9847670421875 0.1909344234375 0.9954393078125001 0.1878851078125 0.9968761453125001 0.185712753125 0.9977818375 0.17615350624999998 0.9999592968750001 0.1011995078125 1 0.09639754687499999 1 0.0332688734375 0.9994645249999999 0.0267693265625 0.9935139796874999 0.0161368265625 0.976107275 0 0.8111009546875 0
0 0.716623725 0.659375 0.7289699046875 0.5215463812500001 0.7384595140625001 0.37393461875 0.741414553125 0.3128050328125 0.7422052796875 0.2812978859375 0.741510965625 0.2722437375 0.7383492234375 0.26776579218749996 0.7201730015625 0.255676590625 0.667335940625 0.22415117499999998 0.659235984375 0.22095235624999998 0.572301071875 0.23296759374999998 0.5680704671875001 0.23638164218750002 0.56640720625 0.2409438078125 0.5607267625000001 0.3302741078125 0.5506277125000001 0.4583324609375 0.5433405421875 0.5324213046875 0.5381094390625 0.5706863671875 0.53613824375 0.5960108859375 0.5278603000000001 0.659375 0.716623725 0.659375
0 0.459375 0.5226611265625001 0.49669549375 0.525362159375 0.5270091578125 0.54153405 0.5316876421875 0.5407366296875 0.53829043125 0.44280113437499996 0.5438857078125 0.287145425 0.5445512453125 0.17165820468749998 0.54373203125 0.1554486609375 0.5413661296875001 0.1504796515625 0.46458724062499995 0.129869925 0.459375 0.12996090625 0.459375 0.5226611265625001
0 0.0202748953125 0.659375 0 0.68463264375 0 0.71272689375 0.010727346875 0.7164115734375 0.0218542390625 0.7390779765625 0.12065065781249999 0.8045065640625 0.1375661046875 0.7899234140625 0.1495919921875 0.7411346734375 0.19799328125 0.6859958421875 0.20518243906250003 0.659375 0.0202748953125 0.659375
0 0.459375 0.8098036375 0.395387384375 0.74398824375 0.3591117109375 0.7560517515624999 0.342795353125 0.7434774515625 0.3701395953125 0.7115667984375 0.36984041093750003 0.6944265515625 0.3535240546875 0.681852253125 0.254976234375 0.692145146875 0.2243388015625 0.7198269171875 0.2173029234375 0.7470967203125001 0.20023788437499998 0.753109746875 0.169950221875 0.7393505296875 0.1435541171875 0.7641006890625001 0.1483439484375 0.7925928625 0.1722945515625 0.81217785 0.1771342484375 0.8435267328125 0.16301335 0.833771690625 0.1577740203125 0.8410070890625001 0.1773337046875 0.8549535640625001 0.18656431874999999 0.89194095625 0.20617386718750003 0.9087441406250001 0.2003354484375 0.9431369859375 0.21380739218749997 0.9771927703125 0.2445678015625 1 0.3786900328125 1 0.3950853140625 0.9725997625 0.45705827499999996 0.9572301296875001 0.459375 0.954030784375 0.459375 0.8098036375
0 0.8468281765625001 0.838359490625 0.8377081296875 0.796565984375 0.8186396296874999 0.761658559375 0.7938898796875 0.737758003125 0.7786743781250001 0.7313111578125 0.775436315625 0.7380801109374999 0.7701985453125 0.72642478125 0.759308809375 0.7274539156250001 0.7636931375 0.7382850890625 0.7678139234375 0.734017890625 0.76972578125 0.74740938125 0.7781723296875 0.7506181625 0.7802306 0.7723976390625 0.7896184359375 0.7814633671875 0.793739221875 0.7771961703125 0.7944127203125 0.8157808953125001 0.788287984375 0.8494499609374999 0.7799585656250001 0.85295156875 0.7694787828124999 0.8774670593749999 0.719121596875 0.8766679374999999 0.6990197171875 0.8786969265625 0.6974299687500001 0.8837589984375 0.6863938171875 0.8764001499999999 0.66717890625 0.8331047421875001 0.66514991875 0.8130028625 0.6647399625 0.7895165078125 0.6805788890625 0.7355405828125 0.6762238421875 0.7263870078125 0.620712490625 0.7667914984374999 0.6064633125000001 0.8157053484375 0.6112533515624999 0.897849028125 0.648244084375 0.9500637515625 0.6685509421875 0.959777940625 0.6788507828125001 0.9730230203125 0.7202008046875 0.9865651703125 0.7646424796875 0.984950384375 0.796282559375 0.970973240625 0.8283954031249999 0.9360114968750001 0.8429081249999999 0.9021960171875 0.8468281765625001 0.838359490625