0 0.6271510515625 0.718508996875 0.6271510515625 0.6053984578125 0.617590821875 0.569408740625 0.6013384328125 0.6092544984375 0.592734225 0.5874035984375 0.5908221796875 0.3431876609375 0.5965583171875 0.2943444734375 0.6013384328125 0.2879177375 0.614722753125 0.29820051406250003 0.62523900625 0.286632390625 0.63097514375 0.188946015625 0.6453154875 0.185089975 0.6520076484375 0.1683804625 0.6558317406249999 0.0064267359375 0.513384321875 0 0.5009560234375 0.0064267359375 0.4990439765625 0.0218509 0.50860420625 0.0604113109375 0.5047801140625 0.140102828125 0.516252390625 0.35089974218750003 0.516252390625 0.6362467859375001 0.5353728484375 0.8753213375 0.542065009375 0.8946015421875 0.5592734218750001 0.902313625 0.591778203125 0.8971722359375001 0.6051625234375 0.8817480718749999 0.6166348 0.902313625 0.6328871890625 0.906169665625 0.6520076484375 0.8856041125 0.65391969375 0.7544987140625 0.64818355625 0.713367609375 0.63957935 0.7069408734375 0.6338432125 0.7223650390625 0.6271510515625 0.718508996875
0 1 0.001285346875 0.9933078390625001 0 0.986615678125 0.0064267359375 0.986615678125 0.0269922875 0.9961759078125001 0.140102828125 0.9847036328125001 0.1812339328125 0.9827915875000001 0.2917737796875 0.9713193109375 0.327763496875 0.9674952203125 0.38174807187500004 0.9560229453125 0.3971722359375 0.9541108984375001 0.6053984578125 0.986615678125 0.7287917734375 0.9904397703125 0.9884318765625 0.9933078390625001 1 1 0.998714653125 1 0.001285346875
0 0.38240917812499997 0.901028278125 0.38240917812499997 0.7853470437500001 0.373804971875 0.4601542421875 0.3613766734375 0.9113110546875 0.37476099375 0.9473007718750001 0.38240917812499997 0.901028278125
0 0.402485659375 0.7994858609375 0.3977055453125 0.903598971875 0.40726577500000005 0.906169665625 0.411089865625 0.8753213375 0.402485659375 0.7994858609375
0 0.12428298281250001 0.623393315625 0.108986615625 0.6748071984374999 0.1166348 0.69280205625 0.12428298281250001 0.8264781484375 0.12810707500000001 0.8444730078125 0.1357552578125 0.8470437015625001 0.1338432125 0.44858611875000004 0.1453154875 0.327763496875 0.1386233265625 0.2699228796875 0.12810707500000001 0.31233933125 0.12237093750000001 0.41516709531249996 0.12428298281250001 0.623393315625
0 0.3173996171875 0.8496143953124999 0.321223709375 0.44858611875000004 0.31453154843750003 0.3907455015625 0.3059273421875 0.47943444687500003 0.304015296875 0.78277635 0.3078393875 0.8444730078125 0.3173996171875 0.8496143953124999
0 0.34799235156249997 0.9473007718750001 0.35181644375 0.5874035984375 0.34512428281249996 0.3701799484375 0.338432121875 0.46143958906250004 0.33460803125 0.8933161953125 0.338432121875 0.9447300765625 0.34799235156249997 0.9473007718750001
0 0.1108986609375 0.685089975 0.10994263906249999 0.5861182515625 0.10133843281249999 0.6773778921875 0.1108986609375 0.685089975
0 0.13097514375 0.6246786625 0.12428298281250001 0.6336760921875 0.126195028125 0.68766066875 0.1166348 0.7365038562499999 0.12810707500000001 0.8239074546875 0.13097514375 0.6246786625
0 0.08413001875000001 0.001285346875 0.0736137671875 0 0.06692160625 0.5334190234375 0.07648183593749999 0.58997429375 0.07265774375 0.6028277640625 0.08030592656249999 0.6131105406249999 0.08221797343750001 0.571979434375 0.0745697890625 0.5437018 0.08221797343750001 0.528277634375 0.08413001875000001 0.4845758359375 0.086042065625 0.01928020625 0.08413001875000001 0.001285346875
0 0.8441682593750001 0.0102827765625 0.847036328125 0.06812339375000001 0.8556405359375001 0.0796915171875 0.86902485625 0.06940874062499999 0.879541109375 0.096401028125 0.8891013390625 0.10154241718749998 0.891013384375 0.001285346875 0.821223709375 0.00257069375 0.8221797328125 0.06812339375000001 0.8336520078125 0.06812339375000001 0.8374761 0.0115681234375 0.8441682593750001 0.0102827765625
0 0.806883365625 0.46143958906250004 0.8001912046875 0.313624678125 0.79349904375 0.32519280156249997 0.79349904375 0.4871465296875 0.801147228125 0.5591259640625 0.806883365625 0.46143958906250004
0 0.373804971875 0.06940874062499999 0.36711281093750003 0.096401028125 0.37476099375 0.1041131109375 0.38049713125 0.08354755781249999 0.373804971875 0.06940874062499999
0 0.37476099375 0.24035989687499998 0.37476099375 0.16323907499999998 0.3623326953125 0.161953728125 0.3594646265625 0.1735218515625 0.36902485625 0.188946015625 0.36711281093750003 0.23778920312500001 0.37476099375 0.24035989687499998
0 0.411089865625 0.1246786625 0.396749521875 0.00257069375 0.3957934984375 0.1246786625 0.399617590625 0.17609254531250002 0.4091778203125 0.18380462656250002 0.411089865625 0.1246786625
0 0.3757170171875 0.06940874062499999 0.36328871875 0.098971721875 0.37476099375 0.10925449843749999 0.38049713125 0.0886889453125 0.3757170171875 0.06940874062499999
0 0.40439770625 0.10539845781249998 0.4015296359375 0.1735218515625 0.4091778203125 0.1812339328125 0.411089865625 0.1298200515625 0.40439770625 0.10539845781249998
0 0.3785850859375 0.8393316203125 0.36998087968750004 0.8354755781250001 0.36328871875 0.903598971875 0.36902485625 0.9344473000000001 0.376673040625 0.9344473000000001 0.3785850859375 0.8393316203125
0 0.3432122375 0 0.338432121875 0.2712082265625 0.34608030625 0.2789203078125 0.35181644375 0.0218509 0.3432122375 0
0 0.34799235156249997 0.9473007718750001 0.347036328125 0.3907455015625 0.338432121875 0.4845758359375 0.33460803125 0.8727506421875001 0.3365200765625 0.9344473000000001 0.341300190625 0.94858611875 0.34799235156249997 0.9473007718750001
0 0.31453154843750003 0.264781490625 0.3078393875 0.30719794375 0.3173996171875 0.332904884375 0.321223709375 0.2763496140625 0.31453154843750003 0.264781490625