0 0.4 0.459375 0.4 0.4379743546875 0.2341305125 0.4040361578125 0 0.375288546875 0 0.4513927984375 0.061061598437499996 0.459375 0.4 0.459375
0 0.4 0.2710304140625 0.07545226875 0.24020776093750001 0.399675059375 0.28873614999999997 0.4 0.28877604843750004 0.4 0.2710304140625
0 0.099249165625 0 0.4 0.0383904546875 0.4 0.022981689062499998 0.33968260156249996 0.0120548765625 0.3226205171875 0.002209840625 0.2693183421875 0.0111653078125 0.18479510937500002 0 0.099249165625 0
0 0.4 0.209380603125 0.10305741718749999 0.1748153265625 0.0132907515625 0.1725122015625 0.0703261484375 0.1862965828125 0.4 0.22359443125 0.4 0.209380603125
0 0.4 0.24135537343750002 0.0810736859375 0.205053884375 0 0.2010685 0 0.2022261546875 0.205429928125 0.2338855453125 0.4 0.255684065625 0.4 0.24135537343750002
0 0.2920817609375 0 0.3326716046875 0.005381476562499999 0.32931563750000004 0 0.2920817609375 0
0 0.4 0.021704884375 0.383395775 0.0174221796875 0.3333680546875 0.020967142187500003 0.27960379375 0.012428201562500001 0.26978374843749997 0.0180037671875 0.4 0.032096603125 0.4 0.021704884375
0 0.4 0.2412647140625 0.10421595312500001 0.2078953984375 0.0093065609375 0.20496082656249998 0.4 0.2536119703125 0.4 0.2412647140625
0 0.513655228125 0 0.504499896875 0.029292046874999998 0.5004361203125 0.1469817296875 0.459935315625 0.18075923437500002 0.442866528125 0.277476915625 0.400959540625 0.322706875 0.4 0.33052170625 0.4 0.459375 0.5340322953125 0.459375 0.5579615203125 0.3129215109375 0.54318108125 0.20066812343749998 0.5225216421875001 0.15744356718750002 0.571379965625 0.14019238750000002 0.5979383015625 0.09307784999999999 0.605896734375 0.038835734375 0.609870975 0.0170422421875 0.59576445 0 0.513655228125 0
0 0.7380923687500001 0.459375 0.7406396749999999 0.45354022031249996 0.7546617281250001 0.38163619375 0.7554245109375 0.311979171875 0.7745329359375 0.2726687359375 0.77758961875 0.23719994843749997 0.7666938859375 0.1990492625 0.7712462859375 0.05623182812500001 0.7563763124999999 0.0398746328125 0.7310295890624999 0.034824928125 0.7179947343749999 0.045818321875 0.675793690625 0.15688781875 0.6259581171875 0.2243944984375 0.622831796875 0.3344492109375 0.611153384375 0.3872658109375 0.5913518124999999 0.42164734375 0.5886810671875 0.459375 0.7380923687500001 0.459375
0 1 0 0.9448562765624999 0 0.9078032953124999 0.022623428125 0.8856779796875 0.0547821234375 0.8653280953125 0.1782222 0.8457608890625 0.2106949890625 0.8270714484374999 0.29946360156249996 0.8054148624999999 0.327804809375 0.7783679015625 0.400047096875 0.7788331140625 0.459375 0.9631481921875 0.459375 0.9546629296875 0.402318215625 0.99738244375 0.234155571875 0.99737249375 0.24481070468750002 1 0.24513332187499998 1 0
0 0.148437903125 0.6072341359375 0.0591607828125 0.5930839625 0.0462051265625 0.7158377734375 0.139495740625 0.71453913125 0.148437903125 0.6072341359375
0 0.5486915265625 0.459375 0.547843053125 0.468458334375 0.549600584375 0.476895346875 0.54789260625 0.4933335921875 0.549237475 0.50007569375 0.5474674296875 0.5043800265625 0.552571065625 0.5158997828125 0.55082588125 0.5200016390625 0.5501372109375 0.5281382953125 0.553739371875 0.531663540625 0.55464671875 0.5369132078125001 0.556959903125 0.53956083125 0.5633811828125 0.5403492640625001 0.5724724109375 0.539615753125 0.574546965625 0.5391511203125 0.5773250703125 0.5354843859375 0.5817053671875 0.5352000968749999 0.582323090625 0.541544621875 0.5806027671875 0.545444 0.572825371875 0.5468526546875 0.5676507875000001 0.549814075 0.5640958125 0.5534881890625 0.5576161015625 0.5544395875 0.555061746875 0.556284021875 0.555901953125 0.5646084 0.5575451546875 0.5689207671875 0.55676701875 0.5727303 0.55168316875 0.5762166890625 0.5503183421875 0.5797486562499999 0.5499354453125 0.58792285625 0.5427260515625 0.596080990625 0.5342363953125 0.6020266234375 0.53226001875 0.6054835015625 0.5312904328125 0.6133801359375 0.5268429937500001 0.6167391359375001 0.5254905140625 0.6328099703125 0.5210131406249999 0.651580071875 0.5153823453124999 0.659520971875 0.505694446875 0.6651139500000001 0.503287990625 0.6695456734375 0.5010455828125 0.677697084375 0.5022264015625 0.6807194953125 0.5003741625 0.708444196875 0.5018333593750001 0.71931094375 0.5001527796875 0.7279424000000001 0.49774632187499995 0.732374121875 0.49620239374999997 0.7525320578125 0.49481270625 0.756266503125 0.4899674890625 0.7628651468750001 0.4897412015625 0.7722917578125 0.4860022203125 0.7825202484375 0.4809183703125 0.7860066375000001 0.4763540671875 0.792845303125 0.4776914953125 0.797120128125 0.48844952187499996 0.8042986625000001 0.49458988593750003 0.8048470734375 0.5006233640625 0.8037381171875 0.50735041875 0.804564096875 0.5189375703125 0.8037259859375 0.5243595 0.8025419421875 0.5303009734375 0.8047101765625 0.5359441140625 0.80930814375 0.54203475625 0.8102615109375 0.5474815468750001 0.8088749875 0.555993528125 0.8103311890625001 0.565696309375 0.8096727671874999 0.5743177140625 0.8051820234375 0.578822315625 0.8038853453125 0.5841448 0.8035112109375 0.5898550828125 0.8050344687500001 0.5929874171875 0.8048024796875 0.59774063125 0.8014810234375 0.6075179953125 0.80021516875 0.6112295781249999 0.7977934687499999 0.6153786828125 0.796864203125 0.626749528125 0.8003156703125001 0.6389059500000001 0.8024248828125 0.6472364625 0.80283115 0.6585078624999999 0.8070925296875 0.6686481640624999 0.807926540625 0.67953920625 0.8127578078125 0.6852494890624999 0.8142810640625001 0.6913152703125001 0.815436909375 0.697274165625 0.8149353874999999 0.7083007578125 0.8098150765625001 0.7091286171875 0.8056005875000001 0.707485415625 0.8012882203125 0.7079080546875 0.7978460984375 0.711999996875 0.7948545078125 0.7248948125 0.788422109375 0.732641171875 0.7809464984375 0.734030859375 0.777212053125 0.7271646171875 0.7724639078125 0.7276618390625 0.7684143515625 0.733447975 0.76552801875 0.7420270999999999 0.7639095078125 0.7477312109375001 0.7591633296875 0.746013421875 0.755458396875 0.74664239375 0.7528637296875 0.7517436640625 0.7467075859375 0.758679584375 0.7407767062499999 0.76209790625 0.7255761171875 0.7681090609375 0.717065328125 0.7727628296875 0.7145537828125 0.7761027640625 0.7113670953125 0.7814575500000001 0.7132577609374999 0.793638834375 0.7151644953125 0.79840693125 0.716777596875 0.8042912421875 0.7168835078125 0.8083744750000001 0.7152267968749999 0.8095081078125 0.7110498515625 0.8142613234375 0.7077283968750001 0.8122700640625 0.70625071875 0.8110643828124999 0.7034307859375 0.813040759375 0.69997390625 0.8192967187499999 0.7008448078124999 0.82587460625 0.702885653125 0.8289907890624999 0.7015212640625 0.831537703125 0.6972095515625 0.8380087046875001 0.6975930296875 0.8407519718749998 0.6992658078125 0.8431558906250001 0.7024383984375 0.8430539109375002 0.7108526203125 0.844830128125 0.7128177203125 0.8592835843749999 0.71644215625 0.8639696578125001 0.7161954125 0.8719198109375 0.71717156875 0.8771341390625 0.7189422234375 0.8767015218750001 0.7275213796875001 0.8723038046875 0.7304754234375 0.8718960499999999 0.7388521031249999 0.8742589578125 0.7410947703125 0.8800015421874999 0.7448828265625 0.891446971875 0.7477268609375 0.9037276984375 0.748823684375 0.9095299859375 0.74706975 0.9116529921875 0.75000231875 0.9207006734375 0.7559431968749999 0.9234762421875 0.7598807750000001 0.92779810625 0.7613363203125 0.929540753125 0.7648387765625 0.9347873843750001 0.7688742312500001 0.95238061875 0.7747339562500001 0.9588577921875 0.78138686875 0.9617464203124999 0.7932512468749999 0.9616444390625001 0.8016654703124999 0.9602547515625 0.805399915625 0.9611049359375 0.8085872609375 0.953244246875 0.8119382265624999 0.955804775 0.8163632265625 0.9499527671875001 0.818522115625 0.94794281875 0.82351635 0.9306205203125 0.8230336812499999 0.9262315140624999 0.8246528484375 0.9225099531249998 0.8322115828125 0.9221780484375 0.8361786703125 0.9165000687500001 0.8369202156250001 0.9100290671875001 0.8365367375 0.90385513125 0.83752568125 0.9033330484375 0.8417777140625 0.900844565625 0.84434959375 0.8948805968750001 0.8600597375 0.8960265781250001 0.8684216609375 0.9007436828125 0.8742418734375 0.9173450078125001 0.8805963984375001 0.9229484046875001 0.8804622859375 0.9315772515624999 0.8784388203125001 0.9359998296875001 0.8752822968749999 0.9420333078125 0.8741733437499999 0.9541015312500001 0.8681532765625001 0.9603923328124999 0.8636846640625 0.9777656218749999 0.859960221875 0.9788321140625001 0.8588579890625001 0.9790235609375 0.8547708875 0.9809166453125 0.8532563203125001 0.98669406875 0.8517048656250001 0.9917182203125 0.853760465625 0.9947846796875 0.8528010328125 0.996099784375 0.8496740218750001 0.9963086515625001 0.8429171656250001 0.992773634375 0.836317209375 0.9877420421875 0.83179433125 0.9984467109375 0.8255040749999999 1 0.82026874375 1 0.459375 0.8682904546875001 0.459375 0.8680794453124999 0.46153408906250004 0.8665580109375 0.46381364375 0.8630204562500001 0.464818 0.8606065578125002 0.46678244375 0.8562734468750002 0.47426608750000004 0.8549483640624999 0.482530134375 0.8513013859375 0.489481434375 0.852002403125 0.4938836453125 0.8509184906249999 0.49765563437499993 0.8466040671874999 0.4986673671875 0.8429422062499998 0.5006841125 0.837950359375 0.5008933125 0.8292717906250001 0.5033217343749999 0.822651625 0.5041531234375001 0.819245815625 0.5066123671875 0.8132869218749998 0.5071138890625 0.8081223140624999 0.504938278125 0.8061981984374998 0.5003858875 0.8086046546875 0.495954165625 0.80286206875 0.49216610781250003 0.8040192953125 0.4915888421875 0.8120440343750002 0.49195756562500004 0.8165324843749999 0.4895284875 0.8142528703125 0.485343509375 0.814205684375 0.47814415312499997 0.8111492015625 0.4739665515625 0.8054140578125001 0.47264577343749997 0.8034961124999999 0.47436281874999997 0.7956354265625001 0.477713784375 0.7920468796875 0.4829252515625 0.788270690625 0.48081735156249994 0.7856343125 0.48080193906249996 0.7840034546875 0.489028440625 0.780695821875 0.4944799296875 0.7781750374999999 0.49478700625 0.7730763046875 0.493338840625 0.7671112375 0.48757092812499997 0.768386596875 0.47971183906250003 0.7726102859375 0.47817513749999996 0.7740819984374999 0.4763005390625 0.772430084375 0.47332305 0.76629843125 0.4714397609375 0.773348678125 0.46963352656249996 0.77727996875 0.459375 0.5486915265625 0.459375
0 0.8350517468749998 0.8657648578125 0.8296149359375 0.8620143453125 0.821821390625 0.8622906 0.8129364921875 0.8638715671874999 0.80943995 0.8658058453125002 0.8101658281249999 0.870005578125 0.8057183875 0.8733645781250001 0.8044430281250001 0.8812236671874999 0.7974760734374999 0.8810875890624998 0.7918539875 0.8876936109375 0.7851008046875 0.8908722671875001 0.7805054671875 0.8916439781250001 0.7787528406249999 0.8932785562500001 0.7790983609375 0.8980481796875001 0.77682491875 0.900132634375 0.7706099703125 0.90019165625 0.7551546265625 0.9021990562500001 0.7459565109375 0.9012751999999999 0.7396595375 0.8994743765625 0.7346925515625 0.8994810984375 0.7306093203125 0.901137809375 0.727765340625 0.9040770984375002 0.7259530140624999 0.9112536640624999 0.7151240421875 0.9185563109375 0.7082801234375 0.9212099984375002 0.7068655765624999 0.9251469203125 0.712533578125 0.9295424109375 0.70790466875 0.931851478125 0.6996610859375 0.9433766453124999 0.69784131875 0.948085934375 0.6986666406250001 0.95147575625 0.7094992484375 0.95804685625 0.7154655859375 0.9600126140625 0.7270601796875 0.96164178125 0.749364346875 0.9670522828125 0.757307059375 0.9655611609375001 0.7686094921875 0.9758894968749999 0.7730456859375 0.9814696859375001 0.778375609375 0.9835628312499999 0.7852356796875 0.9820415421875002 0.7829560640625 0.9778565640625001 0.7855601421875 0.975607175 0.7971373171874999 0.9799060984375 0.8054442375 0.9767126874999998 0.8053050484375 0.9727905203125001 0.8125293250000001 0.9695669421875 0.8114976734375 0.9653296640625001 0.8134491875000001 0.962075265625 0.8161850125000001 0.961280765625 0.8200855062500001 0.9623762750000001 0.8220183328124999 0.9655937874999999 0.8265216671874999 0.968099265625 0.8290660453124999 0.971391865625 0.831528396875 0.972824621875 0.8405524859375 0.9751658234375 0.8519581687500001 0.9732777796875001 0.855504434375 0.9709385453125 0.8526045578125 0.96801335625 0.8486381921875001 0.9661904015625 0.8493094421875 0.9607235 0.8448570984374999 0.9540109093750001 0.8456849578125001 0.9497964203125001 0.8505376171875 0.945665053125 0.8519049796874999 0.9345287765624999 0.8552461828125001 0.9275399296875001 0.8583710765625 0.9248406640625 0.8596290156249999 0.9196513296875001 0.8623909718749999 0.914852196875 0.8630721999999998 0.9042482625 0.873522084375 0.8937133515625 0.8734836093750001 0.8851791171875 0.8723276500000001 0.8819542281250001 0.8645527921875 0.8757585703124999 0.8424475156250001 0.868728246875 0.8350517468749998 0.8657648578125