0 0.45376344062499996 0.34741144375 0.43763440937500003 0.34604904687500004 0.4301075265625 0.369209809375 0.41720430156250005 0.5245231609375 0.43763440937500003 0.55040871875 0.459139784375 0.536784740625 0.4795698921875 0.59809264375 0.49247311875 0.521798365625 0.49462365625000004 0.41280653906250003 0.48172042968750006 0.23841961875 0.47311827968750003 0.20299727500000003 0.4634408609375 0.19891008125 0.45376344062499996 0.34741144375
0 0.39139785 0.39918256093750004 0.4 0.3855585828125 0.3935483875 0.328337875 0.4 0.00408719375 0.36236559062499996 0 0.354838709375 0.0068119890625 0.356989246875 0.09400545 0.37204301093750003 0.170299728125 0.3806451609375 0.361035421875 0.37419354843749997 0.5108991828125 0.361290321875 0.568119890625 0.361290321875 0.6880108984375 0.3763440859375 0.7179836515625 0.3849462359375 0.7942779296875 0.395698925 0.797002725 0.4064516125 0.7806539515625001 0.39784946250000003 0.7016348781249999 0.40430107499999995 0.5463215265625 0.4129032265625 0.53542234375 0.39139785 0.4400544953125 0.39139785 0.39918256093750004
0 0.062365590625 0.00408719375 0.0354838703125 0 0.030107526562499997 0.1948228890625 0.0365591390625 0.2956403265625 0.047311828125 0.3119891015625 0.062365590625 0.00408719375
0 0.27096774218749997 0.6171662125 0.2860215046875 0.568119890625 0.27096774218749997 0.5599455046874999 0.2817204296875 0.549046321875 0.2677419359375 0.544959128125 0.261290321875 0.5258855578125 0.244086021875 0.5286103546875001 0.22688172031249998 0.50408719375 0.2150537640625 0.5027247953125 0.2365591390625 0.23569482343749998 0.2258064515625 0.170299728125 0.19677419375 0.15258855625 0.18494623593749998 0.568119890625 0.1870967734375 0.6907356953125 0.204301075 0.739782015625 0.204301075 0.84332425 0.1892473125 0.99591280625 0.2215053765625 0.9986376015625 0.21720430156249998 0.9441416890625 0.238709678125 0.8950953671875 0.240860215625 0.7861035421875 0.24731182812500002 0.747956403125 0.26881720468750003 0.7316076296875 0.27096774218749997 0.6171662125
0 0.356989246875 0.3719346046875 0.33870967812499997 0.356948228125 0.3225806453125 0.47820163437499996 0.3311827953125 0.5435967296875 0.3225806453125 0.7888283375 0.3354838703125 0.99591280625 0.3655913984375 0.9986376015625 0.356989246875 0.802452315625 0.3634408609375 0.5517711171874999 0.37204301093750003 0.5326975484375 0.356989246875 0.450953678125 0.3677419359375 0.41825613125 0.356989246875 0.3719346046875
0 0.337634409375 0.2683923703125 0.350537634375 0.21662125312499997 0.346236559375 0.00408719375 0.3236559140625 0 0.30967741875 0.2493188015625 0.3172043015625 0.2670299734375 0.337634409375 0.2683923703125
0 0.6 0.099455040625 0.5817204296875 0.0381471390625 0.5698924734374999 0.11307901875 0.5795698921875 0.1335149859375 0.5870967734375 0.1321525890625 0.6 0.099455040625
0 0.8279569890625 0.2493188015625 0.8301075265625 0.1321525890625 0.8193548390625001 0.00408719375 0.79892473125 0 0.7827956984375 0.00408719375 0.7763440859374999 0.077656675 0.7763440859374999 0.6144414171875 0.7817204296875 0.6376021796875 0.7838709671874999 0.6158038140625 0.8021505375 0.6171662125 0.7978494625 0.671662125 0.8129032265625 0.720708446875 0.7806451609375 0.8051771109375 0.7784946234375 0.9904632156250001 0.79032258125 1 0.8344086015625001 0.9986376015625 0.843010753125 0.982288828125 0.8258064515625 0.7179836515625 0.8322580640625 0.5299727515625 0.845161290625 0.48092643125 0.840860215625 0.2901907359375 0.8279569890625 0.2493188015625
0 0.854838709375 0.0027247953124999997 0.847311828125 0.0476839234375 0.843010753125 0.3038147140625 0.860215053125 0.712534059375 0.858064515625 0.8896457765625 0.847311828125 0.99591280625 0.89462365625 0.9986376015625 0.9053763437500001 0.99591280625 0.89462365625 0.7043596734375 0.9064516125000001 0.544959128125 0.9161290328125 0.5735694828125 0.9182795703125001 0.00408719375 0.854838709375 0.0027247953124999997
0 1 0.3937329703125 0.9935483875 0.33106267031250003 0.9741935484375001 0.314713896875 0.9720430109375 0.2820163484375 0.956989246875 0.265667575 0.9505376343749999 0.2084468671875 0.956989246875 0.162125340625 0.9698924734375 0.13487738437500002 0.9677419359374999 0.0286103546875 0.9827956984374999 0.0068119890625 0.9279569890625 0.0027247953124999997 0.9182795703125001 0.0422343328125 0.9247311828125 0.361035421875 0.9182795703125001 0.47820163437499996 0.9204301078125001 0.9904632156250001 0.8924731187500001 0.99591280625 0.9806451609375 0.9986376015625 1 0.9931880109375 1 0.93324250625 0.99677419375 0.91825613125 0.9817204296875 0.9264305171875 0.9634408609375 0.88692098125 0.9612903218750001 0.70708446875 0.9720430109375 0.671662125 0.9720430109375 0.6171662125 0.98817204375 0.6158038140625 0.9924731187500001 0.634877384375 1 0.5926430515625001 0.9935483875 0.5517711171874999 1 0.5326975484375 1 0.3937329703125
0 0.6021505375 0.856948228125 0.6086021500000001 0.756130790625 0.6215053765625 0.7425068125000001 0.6301075265625 0.6825613078125 0.638709678125 0.53542234375 0.638709678125 0.4291553140625 0.6258064515624999 0.2683923703125 0.6182795703124999 0.256130790625 0.59139785 0.287465940625 0.5827956984375 0.333787465625 0.5634408609375 0.70708446875 0.5827956984375 0.7942779296875 0.5849462359375 0.9931880109375 0.6236559140625 0.9986376015625 0.638709678125 0.99591280625 0.6236559140625 0.93324250625 0.6258064515624999 0.8760217984375 0.6161290328125 0.85558583125 0.6053763437499999 0.8637602187500001 0.6021505375 0.856948228125
0 0.50322580625 0.3746594 0.50967741875 0.39918256093750004 0.50322580625 0.4400544953125 0.5161290328125 0.46730245156250005 0.51182795625 0.51907356875 0.48817204375 0.5817438687500001 0.49032258124999994 0.6144414171875 0.50752688125 0.6144414171875 0.5344086015625 0.599455040625 0.548387096875 0.5626703 0.5225806453125 0.40190735625 0.5215053765625 0.329700271875 0.5139784953125 0.33106267031250003 0.50322580625 0.3746594
0 0.51182795625 0.859673025 0.504301075 0.9209809265625 0.48817204375 0.7997275203124999 0.4763440859375 0.7683923703125 0.45376344062499996 0.8487738421875 0.462365590625 0.9141689375000001 0.456989246875 0.923705721875 0.451612903125 0.8978201640625001 0.43870967812500006 0.8896457765625 0.42580645156249997 0.99591280625 0.5376344093750001 0.9986376015625 0.5333333328125 0.8760217984375 0.544086021875 0.856948228125 0.546236559375 0.7888283375 0.5311827953125 0.7888283375 0.5311827953125 0.846049046875 0.51182795625 0.859673025