0 0.049327354687500005 0.6053984578125 0.0246636765625 0.4922879171875 0.0246636765625 0.43316195312500005 0.008968609375 0.38688945937499997 0.0156950671875 0.36118251875 0.0011210765625 0.33419023124999997 0.0044843046875 0.9241645249999999 0.033632287500000003 0.8753213375 0.0358744390625 0.8547557843750001 0.049327354687500005 0.8444730078125 0.053811659375 0.767352184375 0.0470852015625 0.7339331625 0.049327354687500005 0.6053984578125
0 0.1412556046875 0.5642673515625 0.13228699531250002 0.41516709531249996 0.1143497765625 0.38174807187500004 0.11098654687500001 0.29820051406250003 0.09865470781249999 0.338046271875 0.10313901406249999 0.38174807187500004 0.0896860984375 0.430591259375 0.094170403125 0.6491002578125 0.1121076234375 0.8239074546875 0.1143497765625 0.9935732640625 0.14349775781250002 1 0.150224215625 0.9935732640625 0.139013453125 0.8907455015625001 0.14349775781250002 0.7853470437500001 0.1524663671875 0.7699228796875001 0.1524663671875 0.6105398453124999 0.1412556046875 0.5642673515625
0 0.24215246562499998 0.35089974218750003 0.24439461875 0.31233933125 0.23542600937499997 0.284061696875 0.24215246562499998 0.26606683750000004 0.227578475 0.24935732656249998 0.2197309421875 0.4434447296875 0.224215246875 0.8984575828124999 0.23094170468750003 0.9961439593750001 0.2690582953125 1 0.27802690625 0.9961439593750001 0.26457399062500003 0.9524421593750001 0.2802690578125 0.759640103125 0.26681614374999996 0.641388175 0.2713004484375 0.517994859375 0.24215246562499998 0.35089974218750003
0 0.7242152468749999 0.8444730078125 0.747757846875 0.876606684375 0.7600896859375 0.8753213375 0.7825112109375 0.8393316203125 0.7825112109375 0.8213367609375 0.7656950671875 0.7969151671875 0.7455156953125 0.7943444734375 0.7242152468749999 0.8187660671874999 0.7242152468749999 0.8444730078125
0 0.38340807187500003 0.474293059375 0.39237668124999997 0.4562982 0.3733183859375 0.4344473 0.3766816140625 0.4562982 0.360986546875 0.4922879171875 0.3677130046875 0.577120821875 0.349775784375 0.6465295625 0.343049328125 0.83419023125 0.360986546875 0.8907455015625001 0.3654708515625 0.998714653125 0.38340807187500003 0.998714653125 0.3856502234375 0.8907455015625001 0.41031390156249997 0.8161953734375 0.38789237656250003 0.78277635 0.38340807187500003 0.7519280203125 0.394618834375 0.615681234375 0.38340807187500003 0.474293059375
0 0.855381165625 0.8020565546875 0.8901345296875001 0.8033419015625001 0.8968609859375001 0.7313624671875 0.88004484375 0.71722365 0.860986546875 0.7519280203125 0.8475336328124999 0.759640103125 0.8452914796875 0.7750642671875 0.855381165625 0.8020565546875
0 0.8901345296875001 1 0.8912556046875 0.8817480718749999 0.8677130046875 0.9138817484375 0.8475336328124999 0.97043701875 0.8508968609374999 1 0.8901345296875001 1
0 0.977578475 0.42802056562499996 0.9641255609374999 0.6311053984375 0.977578475 0.759640103125 0.9753363234375 0.8470437015625001 0.991031390625 0.9138817484375 0.9887892375 0.998714653125 1 0.998714653125 0.99439461875 0 0.9820627796875 0.0089974296875 0.9730941703125 0.06812339375000001 0.9865470859375 0.22750642656250003 0.9708520171874999 0.30719794375 0.977578475 0.42802056562499996
0 0.8789237671875 0.0784061703125 0.8901345296875001 0.0552699234375 0.883408071875 0.003856040625 0.8531390140624999 0 0.8408071749999999 0.02956298125 0.8452914796875 0.119537275 0.8295964124999999 0.1735218515625 0.8295964124999999 0.2223650390625 0.8542600890625 0.2763496140625 0.860986546875 0.335475578125 0.8452914796875 0.3688946015625 0.8340807171875 0.430591259375 0.8318385656249999 0.5411311046875 0.8508968609374999 0.57326478125 0.89237668125 0.58997429375 0.89237668125 0.38688945937499997 0.8789237671875 0.3406169671875 0.8878923765625 0.2943444734375 0.8901345296875001 0.17095115624999999 0.8766816140625 0.137532134375 0.8789237671875 0.0784061703125
0 0.4820627796875 0.4640102828125 0.48654708593749996 0.50257069375 0.49327354218749997 0.5051413874999999 0.48654708593749996 0.523136246875 0.5 0.523136246875 0.508968609375 0.44601542343749995 0.5044843046875 0.3971722359375 0.496636771875 0.3907455015625 0.502242153125 0.41516709531249996 0.4887892375 0.425449871875 0.4820627796875 0.4640102828125
0 0.502242153125 0.147814909375 0.5044843046875 0.06298200468750001 0.491031390625 0.02956298125 0.497757846875 0.003856040625 0.4876681609375 0 0.46860986562500007 0.0064267359375 0.46636771250000003 0.06555269999999999 0.4753363234375 0.2969151671875 0.49327354218749997 0.32005141406250004 0.4887892375 0.2994858609375 0.497757846875 0.26349614374999997 0.5179372203125 0.2506426734375 0.5201793718750001 0.2120822625 0.5134529140625 0.1606683796875 0.502242153125 0.147814909375
0 0.246636771875 0.06555269999999999 0.24215246562499998 0.0398457578125 0.2208520171875 0.0308483296875 0.2152466375 0.075835475 0.23318385625000002 0.0861182515625 0.246636771875 0.06555269999999999