0 0.359375 0.9047809234375 0.34909733906249996 0.9043515093749999 0.3371201390625 0.9431836562499999 0.359375 0.935252209375 0.359375 0.9047809234375
0 0.2747932984375 0.9238883359375001 0.29469788750000003 0.9302064421875 0.3113763546875 0.9286623374999999 0.31501243125 0.9211641109375 0.313127328125 0.90709871875 0.30106196406249996 0.9018036125 0.284383496875 0.9033477171875 0.2705901484375 0.9153671078125001 0.2747932984375 0.9238883359375001
0 0.293521546875 0.8455420421875001 0.2903184109375 0.8334307109375001 0.27757104843749997 0.8333617546875001 0.26863986562500003 0.85292534375 0.286613378125 0.8536762984375 0.293521546875 0.8455420421875001
0 0.3574690015625 0.746520996875 0.35424288125 0.738658784375 0.3359283671875 0.74052090625 0.3256791546875 0.762038553125 0.346924759375 0.7621534796875 0.3574690015625 0.746520996875
0 0.3151578984375 0.773421915625 0.3030005953125 0.7851232921875 0.3167020015625 0.7901003828125 0.3222921390625 0.7839201875 0.3151578984375 0.773421915625
0 0.12196286249999999 0.8975661453124999 0.1484116328125 0.9026121921874999 0.166090115625 0.89747798125 0.1697261921875 0.88997975625 0.1684771171875 0.8791864531249999 0.15218561875 0.8696192406249998 0.12928098593749998 0.87407145 0.1171236828125 0.8857728281250001 0.12196286249999999 0.8975661453124999
0 0.08555613437500001 0.9810466484375 0.10859867812499999 0.9510997140624999 0.09723830312500001 0.936329334375 0.0821958796875 0.937555425 0.069674590625 0.9561189984375 0.0708547109375 0.9796596624999999 0.08555613437500001 0.9810466484375
0 0.1620403078125 0.98146038125 0.18817106249999999 0.9848703828125001 0.1993053625 0.9810082328125 0.2026234234375 0.9718739609375 0.2023283953125 0.9659887953125 0.1847188671875 0.95837564375 0.16017818749999999 0.9631458687500001 0.15556508125 0.9699850781249999 0.1620403078125 0.98146038125
0 0 1 0.359375 1 0.359375 0.65 0 0.65 0 1
0 0.752529703125 0.7222684859374999 0.7867717296875 0.7368357750000001 0.828262921875 0.7406557312500001 0.862301859375 0.732341371875 0.8705280562500001 0.7222530546875 0.8676199499999999 0.7160268890625 0.78541150625 0.686164340625 0.7458284046875 0.6921606546875 0.7402152828125 0.7025899718749999 0.752529703125 0.7222684859374999
0 0.53313178125 0.65 0.54234951875 0.6629495671875001 0.51583179375 0.6706508828125 0.499835325 0.6669688359375 0.5028123875 0.6604476406249999 0.49660920624999993 0.659106625 0.4949042046875 0.6721720015625 0.484723946875 0.6809422890625 0.5097167765625 0.71343711875 0.5089888046875 0.7271615125 0.5255293625 0.75111213125 0.5421618593749999 0.75806626875 0.5293455421875001 0.770744675 0.5266635109375 0.7831510374999999 0.5404760671875 0.8280062625 0.5348399609375 0.8426846984375 0.5436562171875 0.8443667140625 0.53743005 0.8472748203125 0.5380201109375 0.8590451515625 0.5468363671875001 0.8607271671875001 0.5392921703125 0.8655893328125 0.5450624093750001 0.8865399078125 0.574714315625 0.9036972859375 0.5927108140625 0.900199121875 0.6191136125 0.9137434093750001 0.6391331265625 0.8988159124999999 0.6366349765624999 0.8772293078125 0.6186614640625001 0.876478353125 0.5984618453125 0.8642750796875 0.6001898328124999 0.8469605828125 0.5842393359375 0.8347802953125001 0.595055621875 0.8292820984375 0.59314753125 0.8194658265625 0.58301324375 0.819737871875 0.5935115171875001 0.81260363125 0.5899673812499999 0.803105375 0.5831051859375 0.8027413890625 0.5903313671875 0.796243178125 0.5838331562500001 0.7890169968749999 0.605078759375 0.789131921875 0.604055759375 0.7969711484374999 0.61353103125 0.7976761328124999 0.613281971875 0.7832927265625 0.6399146234374999 0.75434580625 0.6265542156249999 0.7467556390625 0.6243281109375 0.7353033234375 0.6119217484374999 0.7326212921875 0.615239809375 0.7234870203125 0.601879403125 0.7158968531250001 0.587656890625 0.68640206875 0.58388668125 0.6582712828124999 0.57411638125 0.6516811312499999 0.5756370046875 0.65 0.53313178125 0.65
0 0.46354728749999996 1 0.4602103515625 0.98283295 0.48422992656249997 0.9535450328125 0.5231310296875 0.9527748671874999 0.5274491046875001 0.9400504921875001 0.5216558796874999 0.9233490390625001 0.4926859765625 0.9009655078125001 0.47141738593750004 0.9050997031250001 0.45860106875 0.9177781093749999 0.45044382812499995 0.9151190640625 0.4264510140625 0.8790341265624999 0.41432047499999997 0.8253626453124999 0.3990979484375 0.799457965625 0.3901475578125 0.7621469375000001 0.3862164515625 0.76376 0.4389459609375 1 0.46354728749999996 1
0 0.4238647015625 0.8133202687500001 0.4397922140625 0.829749678125 0.459401771875 0.83018261875 0.47521435781250004 0.86785763125 0.49055181093750005 0.8725167062500001 0.512820415625 0.86479240625 0.5089812499999999 0.849408984375 0.49144067812500003 0.8290484687499999 0.47021805937500005 0.8246844234375 0.42634364375 0.7780322578125001 0.4238647015625 0.8133202687500001
0 0.45754342968749995 0.7507443687500001 0.46924480625000003 0.762901671875 0.47585794375 0.7488822500000001 0.46983864375 0.7135482671875 0.46250131406249995 0.680168346875 0.442301696875 0.6679650734375 0.432485425 0.6698731625 0.43109843750000004 0.6845745859375001 0.45754342968749995 0.7507443687500001
0 0.45461698906250003 0.65 0.45509502812499997 0.6595357875000001 0.467773434375 0.67235210625 0.4848388734375 0.6596966828124999 0.48361631718750003 0.65 0.45461698906250003 0.65
0 0.6750043874999999 0.8204435812499999 0.6960623187499999 0.7976801734375 0.7117013906249999 0.808218521875 0.7250678796875001 0.815804109375 0.72988390625 0.831840746875 0.7357010515625 0.844288025 0.7574136593749999 0.9385096890625 0.7629603671875 0.9408260234375 0.758030634375 0.8280666999999999 0.761684346875 0.7594653765625 0.76073064375 0.7545590015625 0.743136515625 0.7427034265625 0.7205840859375 0.7402982953125 0.6928027375 0.737212053125 0.6800719640625 0.73289726875 0.672888221875 0.7308991421875 0.6420558171875 0.74707625625 0.6376856562500001 0.7682927515625 0.638767521875 0.8088171531249999 0.6399441046875 0.8323504953124999 0.6655807984375001 0.868101790625 0.6750849375 0.86455699375 0.6772297187499999 0.8318919125 0.6750043874999999 0.8204435812499999