0 0.28073259687499996 0.609375 0.28212319531249996 0.5320716625 0.270092615625 0.45913194687500003 0.2828029703125 0.414528059375 0.279462771875 0.37689619531249996 0.26106244375 0.33903179375 0.2395161671875 0.1889333234375 0.22097988124999998 0.1745776421875 0.1935881140625 0.1739695671875 0.18200413437500002 0.18786016875 0.15839916406250001 0.31171427343749997 0.1188019328125 0.391446925 0.135803978125 0.50704205625 0.13333761093750002 0.564392590625 0.1189959890625 0.6039729265625 0.11955878281250001 0.609375 0.28073259687499996 0.609375
0 0.5796875 0 0.412925921875 0 0.41773265156250006 0.0917178625 0.37589245312499997 0.1286521046875 0.358715525 0.16633741562499998 0.360201059375 0.29909466875 0.3457526265625 0.3366369859375 0.3425871203125 0.4328528828125 0.3251965765625 0.46646215468749996 0.31026261875 0.546945875 0.3217672859375 0.609375 0.5796875 0.609375 0.5796875 0.471429009375 0.5751986421875 0.48605797500000003 0.5749267312499999 0.5330754171875001 0.553176425 0.5618041328125 0.5354946046875 0.5637526046875 0.532202921875 0.57925224375 0.5158319437500001 0.5801102109375 0.494732265625 0.5168420593749999 0.508365159375 0.333223865625 0.5103168515625 0.3443614765625 0.518502340625 0.34393249375 0.50427730625 0.28132586718749997 0.517812978125 0.278572875 0.5161040484375 0.24596456406249997 0.496684153125 0.2408514671875 0.49615011249999996 0.2306613703125 0.524745915625 0.22814091875 0.5392428609375 0.24373010156250002 0.563799325 0.24244315312500003 0.5796875 0.2257506453125 0.5796875 0
0 0 0.609375 0 0.8915714078124999 0.040279596875000004 0.88946044375 0.1033522734375 0.8700901468750001 0.1065071765625 0.8538600093750001 0.140250678125 0.8480753875 0.14284583906249998 0.8211647187500001 0.1265878953125 0.8166618312499999 0.13580454375 0.8014527421875 0.2713382890625 0.7889947875 0.284021521875 0.80171741875 0.32396670312500003 0.7996239796875 0.323546896875 0.7916135828125 0.301507078125 0.7914299078125 0.2989882359375 0.7433675234375 0.2509140828125 0.7432095171875 0.23683149218750002 0.7037855609375 0.24948291718750001 0.6776866 0.29920448906249997 0.671064603125 0.2930724609375 0.609375 0 0.609375
0 0.5796875 0.609375 0.293388021875 0.609375 0.2994843609375 0.6764048671875 0.278703965625 0.7002523859374999 0.2489549828125 0.7058276625 0.29043945625 0.73310568125 0.2653846703125 0.7518222765625 0.2449922734375 0.7448585984375 0.24155749843750002 0.755748471875 0.22943400781249998 0.753706371875 0.220217359375 0.7689154578124999 0.244604275 0.77566979375 0.21692251875 0.782475465625 0.21968942500000002 0.797056521875 0.2701106765625 0.8037851874999999 0.263241125 0.8255649343750001 0.298975534375 0.8959837609375001 0.2520526765625 0.9560084062499999 0.179063671875 0.9772371265625001 0.188963990625 1 0.42941413749999996 1 0.3920325546875 0.990173096875 0.47329046718749995 0.9738659515625001 0.5796875 0.9647532734375 0.5796875 0.937927178125 0.5396579828125 0.9409356499999999 0.43923528593750005 0.9354887156249999 0.4010456515625 0.8946506921875 0.3462100734375 0.880120971875 0.3488052359375 0.8532103046875001 0.43265830781250003 0.8099924906249999 0.5606228234375 0.8059636203125 0.5233046125 0.8199679828124999 0.522776678125 0.8481090453125001 0.5796875 0.8441719781250001 0.5796875 0.609375
0 0.7509776109375 0.609375 0.6990532625 0.682934253125 0.6676246499999999 0.6836072578125 0.6531779375 0.6950794515625 0.6945229953125 0.7270060671875 0.7222152390625001 0.7333475578125 0.7560668859375 0.72670298125 0.7296378328124999 0.8488761734375 0.710141409375 0.868405790625 0.6844752515625 0.8746213859375 0.7032795953125 0.8940919421875 0.731073659375 0.90237629375 0.7776617328125 0.90383110625 0.7946333 0.8883302000000001 0.7802780734375 0.8754451578125 0.7821920015625 0.8597592921875 0.8186186515625 0.7195283921875 0.8023288281250001 0.6697290296875 0.7724171921874999 0.6732448265625 0.7591923312500001 0.7080313281249999 0.74382923125 0.7020177921874999 0.8079723093750001 0.609375 0.7509776109375 0.609375
0 0.709928825 1 0.72716465 0.9844053562500001 0.71361365625 0.9607630921875 0.6156519265625 0.8665390921875 0.6259549843750001 0.8543099609375 0.6221064578125001 0.8330815062500001 0.601082721875 0.8234682390625 0.5796875 0.824589515625 0.5796875 0.8952251375 0.5816069703125 0.8955980453125001 0.6867985359375 1 0.709928825 1
0 0.7830200062499999 1 0.8183043796874999 0.9484578015625 0.7944503265625 0.9370446687499999 0.7836278296875 0.9132594125000001 0.724011865625 1 0.7830200062499999 1
0 1 0.826775128125 0.9939964812500002 0.8291771375 0.969857634375 0.8645356171875 0.9049846562500001 0.8796246374999999 0.8997416406250001 0.9100964375 0.9180368796874999 0.9198526984375001 0.9884686703125001 0.9064205484375 1 0.9119730015625 1 0.826775128125
0 0.7812453625 1 0.8001212953125 0.9669444921875 0.767277521875 0.9667175671875 0.7819278765625001 0.9591310906249999 0.7543374546875 0.9547324578125 0.724946409375 1 0.7812453625 1
0 0.8490807296874999 0.8309272640625001 0.8176624499999999 0.857900365625 0.777264784375 0.9223597640625 0.7806042046874999 0.9338739234375 0.8100170703125 0.946943925 0.8894489171875 0.9486256640625002 0.9201647843749999 0.9343526453125 0.9167235421875001 0.920895625 0.8941828265625 0.9084395671875001 0.8951803671875 0.8752679703125 0.937766421875 0.7220509984375 0.9357403375000001 0.7094939124999999 0.9203772375 0.7034803765625 0.890261959375 0.7031104546875 0.8784419234375 0.7124967953125 0.8490807296874999 0.8309272640625001
0 1 0.6199947359375 0.8981213171875 0.6442527078125 0.8644629765625 0.628482909375 0.8370761953125001 0.6279699953125 0.81444399375 0.6398711718750001 0.8055664296874999 0.6793003296875 0.8178040843750001 0.7039855187499999 0.8474205921875001 0.7209412390625001 0.866621884375 0.7218831359375 0.8780346390625 0.704725359375 0.9085468640624998 0.6865666234375001 1 0.664791040625 1 0.6199947359375