0 0 0 0 0.14675479687499998 0.008440496875 0.157066084375 0.0830488609375 0.15874881406250002 0.136426475 0.171668896875 0.130608190625 0.2243386390625 0.15417857968749998 0.3061025109375 0.14629736875 0.3680986796875 0.113686221875 0.3968879640625 0.0416965328125 0.42291450781249995 0.03902283125 0.4296875 0.609375 0.4296875 0.609375 0.25227194375 0.586741059375 0.2544657640625 0.587251075 0.24651025624999998 0.5711890765625001 0.24567934375 0.5370021515625 0.2533439421875 0.52837994375 0.26595917812500003 0.4627642859375 0.276351678125 0.44341121406250006 0.26591736875 0.380901378125 0.27356803125 0.371908675 0.26149279999999997 0.33408304375000003 0.257359140625 0.3421952359375 0.2526994125 0.3007537671875 0.259263096875 0.2841588859375 0.2438920859375 0.22422199375 0.23426081718749997 0.2148816578125 0.21999072343749998 0.31359561406249997 0.150357828125 0.303049996875 0.139653515625 0.2547016171875 0.147311146875 0.1907783875 0.12368675468749998 0.1697100203125 0.1247737328125 0.1594891703125 0.09376868125 0.2135163171875 0.0660872796875 0.3157294609375 0.04089861875 0.38825203125 0.029412171874999997 0.4207236609375 0.0332688609375 0.44350732343750005 0.0206605921875 0.5160298937500001 0.009174146875 0.5243273328125 0.0168596515625 0.609375 0.014525321875 0.609375 0 0.352357203125 0 0.275980421875 0.0134454109375 0.1333458390625 0.029286740625000002 0.11399276875 0.018852431250000003 0.04543366875 0.021836396875 0.0419751234375 0 0 0
0 0 0.24605845781250002 0.1269923515625 0.23503598281250002 0.1317677390625 0.1757816515625 0.07614195 0.1598427625 0 0.1678029859375 0 0.24605845781250002
0 0.8899275515625 0.4296875 0.9017446828125 0.399378028125 0.9219505703124999 0.38471253125 0.9363074812499999 0.38332055781249996 0.9281978484375 0.323751259375 0.8928034453125001 0.2676215015625 0.8615040531249999 0.2708149640625 0.8482372765624999 0.27908978281249996 0.8525384375 0.34808166875 0.8222487953125001 0.29908084218750003 0.8070742828125 0.29531068125000004 0.7754359734375 0.3047313875 0.792053540625 0.3761822375 0.809341940625 0.4016660484375 0.8264905734375001 0.4095332296875 0.817914703125 0.4296875 0.8899275515625 0.4296875
0 0.785393565625 0 0.7666658796875 0.0150808078125 0.7564773625 0.1013605828125 0.7583851 0.1134055625 0.769066303125 0.105540259375 0.7736259953125 0.109227765625 0.7892268109375 0.1993603578125 0.84365658125 0.1748646390625 0.8682160109374999 0.15421798125 0.8536529500000001 0.14594128281250002 0.8502427749999999 0.1076761203125 0.8784779109375 0.093502790625 0.9045327765625 0.0655637734375 0.9298364234375001 0.0245146609375 0.9279950687499999 0.004521725 0.9119484703125 0 0.785393565625 0
0 0.609375 0.3804779734375 0.6144597015625 0.37608831249999997 0.7171837265625001 0.2716246 0.7442483421875 0.191491296875 0.74335735625 0.1607645734375 0.609375 0.2867701671875 0.609375 0.3804779734375
0 0.7526202640624999 0.4296875 0.78169025 0.277282659375 0.7917913796875 0.0984132078125 0.76144235625 0.09087288437499999 0.7514459875 0.1197962390625 0.745743778125 0.1841989359375 0.6924746484375 0.4296875 0.7526202640624999 0.4296875
0 1 0.22808341406250002 0.992071915625 0.2333782171875 0.9898986453124999 0.253125071875 0.9711218109375 0.2684461671875 0.9350705765624999 0.3253085390625 0.9378029171875 0.3760281984375 0.9478062859375 0.3806173890625 1 0.3196661828125 1 0.22808341406250002
0 1 0.1278295296875 0.9667402656250002 0.1403771484375 0.9900977953125001 0.229281196875 1 0.226953359375 1 0.1709720390625 0.9966839890625 0.16209267656249998 1 0.15855819843750002 1 0.1278295296875
0 1 0.319052690625 0.9797101296875 0.339404846875 0.9503254765625 0.3881558328125 0.9708704890625001 0.4296875 0.9743587937499999 0.4296875 0.9896611171874999 0.4189670859375 1 0.3772191796875 1 0.319052690625
0 0.9150568375000001 0.28261761406249997 0.93268415625 0.3018741796875 0.984727503125 0.2539441015625 0.977641621875 0.2092056046875 0.9651190640625 0.19707797031250002 0.978452221875 0.18085519218749999 0.97742846875 0.1660243890625 0.9563979781249999 0.1420152046875 0.9174082531250001 0.13848925 0.8817553203124999 0.1476638734375 0.8577409578124999 0.17175195468749999 0.8592433953124999 0.197972140625 0.8943582625 0.2188686390625 0.9150568375000001 0.28261761406249997
0 0.8507948437499999 0.1446300875 0.8719581015625 0.1527433546875 0.8941381093749999 0.1421748796875 0.94095093125 0.1365243328125 0.9442143390625001 0.12366032499999999 0.90596883125 0.09973191718749999 0.858610940625 0.101941040625 0.8507878421875 0.1111175421875 0.8507948437499999 0.1446300875
0 0.609375 1 0.609375 0.45990068749999996 0.5606750093749999 0.4676140078125 0.2598119234375 0.544332025 0.235467975 0.5736204625 0.2440756140625 0.6279669515624999 0.26065180468750004 0.6350302015625 0.23555936875 0.659592859375 0.13452318125 0.68043975 0.061025703125 0.679969778125 0.022524479687499998 0.72966675 0 0.7341444484374999 0 0.824260709375 0.0495521859375 0.8271169281249999 0.1920562015625 0.799702178125 0.219713653125 0.840131728125 0.27321203125000004 0.8607244015625 0.2513143515625 0.8932586375 0.29523696093749996 1 0.609375 1