0 0.0076923078125 0.7343423796875 0.008461539062499999 0.722860125 0.005384615625 0.7113778703125 0.00038461562500000004 0.70563674375 0.0015384609375000001 0.74164926875 0.0076923078125 0.7343423796875
0 0.9730769234375 0.084029228125 0.9723076921875 0.07463465625 0.961153846875 0.0668058453125 0.9526923078125 0.068893528125 0.9438461531250001 0.0798538625 0.9473076921875 0.0845511484375 0.9730769234375 0.084029228125
0 0.41230769218749996 0.7197286015625 0.41884615312499995 0.728601253125 0.42846153906250006 0.7301670140625001 0.4376923078125 0.7249478078125 0.44076923125 0.7061586640625 0.43269230781249995 0.68893528125 0.4226923078125 0.6858037578125 0.4130769234375 0.7030271406249999 0.41230769218749996 0.7197286015625
0 0.9369230765625 0.208246346875 0.9419230765625001 0.21398747343750002 0.9496153843749999 0.2129436328125 0.9476923078124999 0.2239039671875 0.9576923078125 0.22807933125000002 0.9692307687499999 0.218684759375 0.9715384609375001 0.203027140625 0.9626923078124999 0.18893528125 0.9519230765625 0.1847599171875 0.9415384609374999 0.194676409375 0.9369230765625 0.208246346875
0 0.7623076921874999 0.6873695203125 0.7607692312500001 0.70407098125 0.7688461531249999 0.7171189984375 0.7784615390625 0.7165970765624999 0.7834615390625 0.715031315625 0.7915384609375 0.7030271406249999 0.7930769234375 0.6925887265624999 0.78576923125 0.67849686875 0.769615384375 0.6764091859375 0.7623076921874999 0.6873695203125
0 0.9400000000000001 0.3397703546875 0.9503846156250001 0.34968684687499996 0.9607692312499999 0.351252609375 0.97 0.3439457203125 0.9692307687499999 0.3209812109375 0.9534615390625 0.3100208765625 0.9426923078125 0.31210855937500004 0.9392307687500001 0.31993736875 0.9400000000000001 0.3397703546875
0 0.1523076921875 0.708246346875 0.15076923125 0.718684759375 0.15730769218750001 0.7359081421875 0.16999999999999998 0.7395615859375 0.18076923125 0.7332985390625 0.1823076921875 0.7145093953125 0.17576923125 0.70250521875 0.16576923125 0.696242171875 0.160384615625 0.6972860125 0.1523076921875 0.708246346875
0 0.945384615625 0.80949895625 0.9461538468749999 0.824112734375 0.9519230765625 0.8361169109375 0.963846153125 0.8376826718749999 0.9688461531250001 0.8361169109375 0.974615384375 0.8262004171875 0.9753846156250001 0.8147181625 0.9688461531250001 0.7964509390625001 0.9573076921875 0.793319415625 0.945384615625 0.80949895625
0 0.2376923078125 0.7072025046875 0.24 0.7249478078125 0.24576923125 0.7327766171875 0.2530769234375 0.735386221875 0.264615384375 0.7312108562499999 0.2684615390625 0.713465553125 0.263846153125 0.6967640921875 0.2565384609375 0.6910229640625001 0.2465384609375 0.693110646875 0.2376923078125 0.7072025046875
0 0.9415384609374999 0.70407098125 0.9473076921875 0.7139874734375 0.9584615390625 0.7145093953125 0.97076923125 0.7072025046875 0.973846153125 0.6884133609374999 0.9688461531250001 0.6774530265625 0.9550000000000001 0.6732776625 0.9423076921875 0.6852818375 0.9415384609374999 0.70407098125
0 0.9423076921875 0.57463465625 0.948846153125 0.5929018796875 0.9623076921875 0.5934238 0.97076923125 0.5882045921875 0.9753846156250001 0.570459290625 0.9688461531250001 0.55427975 0.9565384609375001 0.551148225 0.9469230765625 0.5589770359374999 0.9423076921875 0.57463465625
0 0.8507692312499999 0.6925887265624999 0.853846153125 0.7072025046875 0.863846153125 0.7155532359375 0.87576923125 0.7129436328125001 0.8846153843750001 0.6978079328125 0.8823076921874999 0.6821503124999999 0.8726923078125 0.6711899796874999 0.86423076875 0.6732776625 0.8507692312499999 0.6925887265624999
0 0.0684615390625 0.72599165 0.07115384687500001 0.7348643 0.078846153125 0.7400835078125 0.0869230765625 0.7395615859375 0.09923076875 0.7291231734375 0.1015384609375 0.7165970765624999 0.09576923125 0.70250521875 0.080384615625 0.6951983296875001 0.0723076921875 0.7072025046875 0.0684615390625 0.72599165
0 0.9415384609374999 0.4410229640625 0.94076923125 0.4587682671875 0.9415384609374999 0.465031315625 0.9457692312500001 0.468684759375 0.9576923078125 0.46920668125000004 0.9696153843750001 0.4655532359375 0.9730769234375 0.448329853125 0.9688461531250001 0.4331941546875 0.9573076921875 0.42797494843750006 0.9480769234374999 0.43215031249999997 0.9415384609374999 0.4410229640625
0 0.32769230781249997 0.6925887265624999 0.325384615625 0.713465553125 0.330384615625 0.7265135703125 0.33999999999999997 0.7291231734375 0.350384615625 0.725469728125 0.3576923078125 0.71764091875 0.3584615390625 0.7009394578125 0.34576923125 0.68893528125 0.3334615390625 0.6868475984375 0.32769230781249997 0.6925887265624999
0 0.5896153843749999 0.6868475984375 0.585384615625 0.6978079328125 0.5876923078125 0.7155532359375 0.5965384609375 0.7212943625 0.6084615390625 0.7207724421874999 0.6142307687499999 0.71920668125 0.62 0.7103340296875 0.6215384609375 0.7009394578125 0.6176923078125001 0.69050104375 0.6065384609375 0.6805845515625 0.5896153843749999 0.6868475984375
0 0.49923076875000005 0.705114821875 0.5023076921875 0.722860125 0.514615384375 0.7301670140625001 0.53 0.7197286015625 0.5315384609375 0.7030271406249999 0.52576923125 0.687891440625 0.510384615625 0.683716075 0.5023076921875 0.69050104375 0.49923076875000005 0.705114821875
0 0.673846153125 0.6978079328125 0.675384615625 0.7145093953125 0.6819230765625 0.7223382046875 0.68923076875 0.722860125 0.7034615390625001 0.7212943625 0.7084615390625 0.713465553125 0.71 0.6978079328125 0.699615384375 0.6774530265625 0.679615384375 0.6858037578125 0.673846153125 0.6978079328125