0 0.13104654843750002 0.5456107718750001 0.1232252953125 0.565817953125 0.1249425546875 0.584105553125 0.13340836250000002 0.5927592640625 0.1441024546875 0.5929933984375 0.15334094375 0.5859047171875 0.1538136046875 0.564993225 0.14239823125 0.5474895734375 0.13104654843750002 0.5456107718750001
0 0.534721825 0.5079858875000001 0.534798553125 0.49639451250000005 0.5246983609375 0.4821802046875 0.5068152796875001 0.48237738906249994 0.5005455390625 0.49541816406250005 0.5014264234375 0.513823309375 0.5122033890625 0.5267844453125 0.5225782765625 0.5247473203124999 0.5277753109375001 0.5222798359375 0.534721825 0.5079858875000001
0 0.6392985062500001 0.059595445312499995 0.636731834375 0.0686416109375 0.6406006515625 0.09010100625 0.6534079359375 0.099302621875 0.6649384031250001 0.099419209375 0.6738576875 0.090059271875 0.669510065625 0.0651929890625 0.650688553125 0.055678559375000006 0.6392985062500001 0.059595445312499995
0 0.6180915265625 0.4609482359375 0.6092106046875 0.46451248593749994 0.59752668125 0.48757864843750004 0.6031066125 0.50300726875 0.6152563062499999 0.5105642125000001 0.6278211140625001 0.5059031968750001 0.6351251953125 0.48808481718749996 0.6302220359375 0.47140302500000003 0.6180915265625 0.4609482359375
0 0.6796875 0.1854066765625 0.6729054750000001 0.1834168578125 0.6635073828125 0.189369909375 0.6577548125 0.2000218828125 0.6596316765625 0.2194451140625 0.6614256625 0.2261413390625 0.666584334375 0.22946954375 0.6796279468749999 0.2282154109375 0.6796875 0.2281875828125 0.6796875 0.1854066765625
0 0.06524072187499999 0.59017998125 0.0635234609375 0.5718923796875 0.047887848437500005 0.5607721421874999 0.03418664375 0.560381603125 0.0287916421875 0.5675091453125 0.029474560937499998 0.59057435 0.0369060265625 0.604005665625 0.04775971875 0.6053754265625 0.058492175 0.5998138703125 0.06524072187499999 0.59017998125
0 0.338377796875 0.5552672453125 0.34441120625 0.5526822171875 0.3493274015625 0.5421477890624999 0.34956373125 0.5316920421875 0.3437858359375 0.5209234796875 0.3301421765625 0.511839409375 0.3126995375 0.5212391671875001 0.3097752984375 0.5338097640624999 0.314997659375 0.5527628140624999 0.3254937859375 0.55765700625 0.338377796875 0.5552672453125
0 0.2260741 0.5299394015625001 0.218329575 0.5385552078125 0.21721850625 0.5549241874999999 0.22327724375 0.5737596921875 0.23777645937499997 0.5798283750000001 0.25290793906250003 0.5661211921875 0.2520270546875 0.547716046875 0.243440009375 0.53213101875 0.2260741 0.5299394015625001
0 0.4459893390625 0.532037015625 0.44526805625000004 0.5147674984374999 0.43086475156250004 0.4942095984375 0.4103958171875 0.5063507921875 0.4059584296875 0.52029210625 0.4101848140625 0.538227071875 0.41849101875 0.54574515625 0.4265163828125 0.54519629375 0.44174991874999997 0.541318271875 0.4459893390625 0.532037015625
0 0.6796875 0 0.6796875 0.405513271875 0.6924531140625 0.40411300937499994 0.767305190625 0.377592446875 0.833487725 0.3131772703125 0.870422071875 0.21909321249999997 0.8688368203125 0.11264407968750001 0.8208550578124999 0.00915981875 0.8106238171875001 0 0.6796875 0
0 0.185687115625 0.61875 0.22783422656250002 0.8870979625000001 0.25771194999999997 0.9603190359375 0.2989976046875 1 0.6796875 1 0.6796875 0.9082319328124999 0.6554184875 0.6620664109375001 0.647641765625 0.61875 0.185687115625 0.61875