0 0.424060165625 0.1696063875 0.434049265625 0.153043878125 0.43293874375 0.13371362343749998 0.4241699234375 0.12745489062499998 0.4142913484375 0.1280177375 0.4067439046875 0.1362975265625 0.40574544531249995 0.15327128125 0.41362665937500004 0.1717120375 0.424060165625 0.1696063875
0 0.155228246875 0.133879084375 0.165994646875 0.1286061671875 0.17387498437499999 0.1171591109375 0.174318403125 0.09799218125 0.16410660625 0.0905143671875 0.150898221875 0.092862075 0.14246306250000002 0.1095879109375 0.1429073578125 0.12030879375 0.1499004203125 0.1322516890625 0.155228246875 0.133879084375
0 0.24635591250000002 0.14879408125 0.2543474328125 0.14376322187499999 0.2607846859375 0.12736110625 0.2587862296875 0.10900494375 0.2475755328125 0.103556978125 0.2399169046875 0.1054205703125 0.23325739531249998 0.11272626875 0.2290400890625 0.1304291265625 0.236477228125 0.1456209515625 0.24635591250000002 0.14879408125
0 0.0688735875 0.1258702625 0.0851897421875 0.1201132296875 0.0925150390625 0.1064729984375 0.0915157 0.093558940625 0.0801938203125 0.081694778125 0.07209111562500001 0.0803094390625 0.063766590625 0.084771590625 0.06010399843749999 0.09345969374999999 0.061991490625 0.1128716109375 0.0688735875 0.1258702625
0 0.33626252968750003 0.160378484375 0.3503586296875 0.1495847296875 0.3513570890625 0.13261097500000002 0.3448081046875 0.1239170109375 0.3347073828125 0.11911941562499999 0.32471784375 0.1207380203125 0.3182804828125 0.13340415781249998 0.3183921046875 0.1547642625 0.323609078125 0.16118338906250002 0.33626252968750003 0.160378484375
0 0.5179625999999999 0.1805433484375 0.5253988609375 0.1658473625 0.52562035 0.1487919453125 0.5111905890624999 0.13660113125 0.497982315625 0.142684815625 0.4929880390625 0.16030601093750002 0.49454241874999993 0.17541324375 0.5019793375 0.183133115625 0.5179625999999999 0.1805433484375
0 1 0 0.908539853125 0 0.9018469328125001 0.10140806718749999 0.9260712171875 0.1366730609375 0.9552351453124999 0.14771853906250001 0.99096475625 0.17222245625 1 0.17247503749999998 1 0
0 0.7441856 0.29551511874999997 0.7724772640625 0.3072669375 0.79433125625 0.327120378125 0.8107383203125 0.31527845 0.8098186203125 0.2784727515625 0.79980655625 0.275026375 0.7844329078125 0.2542580015625 0.7728422375 0.2506457046875 0.7665278125 0.24998203125 0.7561033390625 0.265644846875 0.7553116515625 0.2503992109375 0.7489972265625 0.24973553750000002 0.7441856 0.29551511874999997
0 0.5390625 0.46676851875 0.569278078125 0.448706421875 0.5765074359375 0.4558504375 0.5860596484375 0.4408939671875 0.5962803015625 0.449948425 0.6079515468750001 0.437608740625 0.6081126984375 0.40570478125 0.5953558343750001 0.3828173734375 0.57907201875 0.38589401093750003 0.5685195296875001 0.3799967640625 0.55912846875 0.363049275 0.5390625 0.355915771875 0.5390625 0.46676851875
0 0.8536972890625 0.3469263828125 0.8497531578124999 0.36167426406250003 0.8681560046874999 0.3612144140625 0.8671557296875001 0.34036069687500003 0.8536972890625 0.3469263828125
0 0.9807348000000001 0.36825878749999996 0.9820242406249999 0.3787686046875 0.9926999765625 0.3759005578125 0.9922827984375001 0.36468439531249996 0.9807348000000001 0.36825878749999996
0 0.4380044640625 1 0.45428845156250003 0.8524275015624999 0.44448497812500004 0.8545892046875 0.434686271875 0.8870762624999999 0.43046250781250006 0.9728187500000001 0.43645607656249996 1 0.4380044640625 1
0 0.886730165625 0.6 0.8874707140625 0.6202785640624999 0.8186489765625 0.7131698734375 0.79247000625 0.7317214937500001 0.7702248562499999 0.7272531203125 0.7801497703125 0.7048628156250001 0.80544290625 0.6947393453124999 0.8101052484375 0.7080112640625 0.81403906875 0.6849912687499999 0.8294597249999999 0.6823514171875 0.8209159984374998 0.6771928078125 0.8303979953124999 0.6590165781249999 0.809819640625 0.6675052765625 0.8446472093749999 0.6242988890625 0.826283440625 0.6117172078124999 0.8112008296875001 0.6399563609375 0.7790832 0.6429716046875 0.7660578656249999 0.6948604406250001 0.74508903125 0.6926565265625 0.6742624515625 0.7469914640625 0.705179628125 0.8418444984375 0.754332271875 0.8640531625 0.9114585250000001 0.7378367484374999 0.9351897359375 0.68494283125 0.9495962578124999 0.6055050796875 0.9488880843749999 0.6 0.886730165625 0.6