0 0.04164806875 0.4078886640625 0.0019194812499999999 0.45259632187500004 0.0080608234375 0.48432918125 0.026524965625 0.5017998609375001 0.060268190624999995 0.51432148125 0.119016521875 0.5189148593749999 0.10938854375 0.527511165625 0.1306455578125 0.5449330953125 0.1781897234375 0.5478490984375 0.2925993734375 0.5402332359375001 0.358288290625 0.462295909375 0.3309879828125 0.41875824375 0.2785518375 0.3756593265625 0.1333552484375 0.3800666875 0.11692484843749999 0.399082925 0.04164806875 0.4078886640625
0 0.4296875 1 1 1 1 0.88261713125 0.9432375921875 0.8833426187499999 0.7170490671875 0.8982987203124999 0.4935931046875 0.889618625 0.4296875 0.8909632375000001 0.4296875 1
0 0.7218166421875 0.6308791859375 0.6933778828125 0.6683309015625 0.68758346875 0.6967382421874999 0.7115763953125 0.719907940625 0.7077147781249999 0.7239067640625 0.6731288515625 0.7245104625 0.6588703 0.7184690796875 0.5504236984374999 0.7219345890625 0.530178646875 0.733295934375 0.5248821484375 0.745182634375 0.5525720468750001 0.7549209875 0.6233708671875 0.7568303234375 0.643945209375 0.7643340281250001 0.6767944046875 0.75432524375 0.711407771875 0.7552936328125 0.706413121875 0.7844732953125 0.712066353125 0.793023734375 0.72467049375 0.79437629375 0.7889654171875 0.7390004765625 0.7832298640625 0.7257337749999999 0.7374472390625 0.7155249484375 0.7362907421875 0.6943154859375 0.7511569734375 0.690124578125 0.784609865625 0.714701721875 0.8159144125000001 0.7062924671874999 0.825927175 0.69432344375 0.8239983546874999 0.673913746875 0.8300671796875001 0.6612272812500001 0.8266485953125 0.6455612875 0.8122528375 0.6316594671875 0.8301260390625 0.619553240625 0.881867725 0.610787253125 0.7949638546875001 0.5871431015624999 0.77455415625 0.5890719203125 0.764513953125 0.5994688546875 0.7626085953125 0.6254494609375 0.7218166421875 0.6308791859375
0 1 0.64084156875 0.95746513125 0.6173305296875 0.9165045546874999 0.6581459453124999 0.9120627015625 0.67394914375 0.9273954249999999 0.696483725 0.9842649859375001 0.7112167281249999 1 0.706989875 1 0.64084156875
0 0.6540761015625 0.3537173234375 0.6950327015625 0.3577201234375 0.71276471875 0.3825716734375 0.721342596875 0.3784905296875 0.7294814234375 0.349255984375 0.72148378125 0.3415327515625 0.66480630625 0.3378043609375 0.5682464031250001 0.34656637031250004 0.6008720921874999 0.3687991015625 0.6540761015625 0.3537173234375
0 0.714717 0.44937167499999997 0.723541846875 0.45943932031249995 0.7376906359375 0.4591923515625 0.7501301312499999 0.4511123859375 0.7491382828125 0.43933545 0.730826028125 0.426288275 0.7213935015625 0.4264529203125 0.7128979453125 0.435250328125 0.714717 0.44937167499999997
0 0.741383628125 0.49057922031249995 0.726544840625 0.4963422171875 0.7113727828125 0.5280583765625 0.7115923093750001 0.5406350765625 0.7382589375 0.5818426234375 0.7609581640625 0.5759424234375 0.7705593140625 0.5403920875 0.803655475 0.5445320921875 0.8255000562499999 0.53471539375 0.8190196203125 0.52382054375 0.8015894515624999 0.5162619562499999 0.7593077328125 0.5264353859374999 0.7456843 0.5117338015625 0.741383628125 0.49057922031249995
0 0.4296875 0.5883311984375 0.5983980250000001 0.5874290359375001 0.6471053 0.58500628125 0.65314668125 0.5707477296875 0.6522097125 0.56211496875 0.640240690625 0.5521022078125 0.577384628125 0.5547719296875 0.5288694421875 0.568199296875 0.4296875 0.5671567140625 0.4296875 0.5883311984375
0 0.4757397984375 0.677633771875 0.494604846875 0.67730448125 0.516394546875 0.6643436078125 0.5146852546875 0.6565106109375 0.49720020624999994 0.6458078484375 0.47207424531250003 0.6478189890625 0.45582801406249995 0.66304195 0.4757397984375 0.677633771875
0 0.44125210781249996 0.5036808703125001 0.45548321718749996 0.5081501625 0.48356126718750003 0.49507952656250004 0.48345150312499996 0.48879117656250004 0.4644492484375 0.4812600296875 0.44403955 0.48318885 0.43397190625000004 0.4920136968750001 0.44125210781249996 0.5036808703125001
0 0.45231955937499996 0.41699652656249997 0.43745332968749995 0.4211874328125 0.44310656093749995 0.429737871875 0.45405629062499997 0.42640160937499993 0.45231955937499996 0.41699652656249997