0 0.16015625 0 0.1515625 0.029693485937500003 0.1515625 0.056513409375000004 0.1625 0.0660919546875 0.159375 0.3534482765625 0.1703125 0.8802682000000001 0.165625 0.9281609203125001 0.146875 0.9875478921875 0.14921875 0.998084290625 0.221875 0.9971264375000001 0.2296875 0.9875478921875 0.2234375 0.9837164749999999 0.228125 0.9798850578125 0.2234375 0.9703065140625 0.2296875 0.9683908046875 0.2234375 0.962643678125 0.246875 0.951149425 0.246875 0.901340996875 0.2375 0.8496168578125 0.23125 0.5948275859375001 0.23125 0.0718390796875 0.24765625 0.061302681250000005 0.26328125 0.0804597703125 0.33828125 0.095785440625 0.3484375 0.089080459375 0.3515625 0.052681992187500006 0.35 0.029693485937500003 0.34296875 0.0191570875 0.31171875 0.021072796875 0.27109375 0 0.16015625 0
0 0.99921875 0.0517241375 0.49453125 0.028735632812500002 0.3515625 0.029693485937500003 0.35390625 0.0842911875 1 0.1044061296875 0.99921875 0.0517241375
0 0.01171875 0.170498084375 0.02578125 0.17241379375000002 0.02890625 0.180076628125 0.115625 0.1791187734375 0.1578125 0.17528735625 0.159375 0.1369731796875 0.15390625 0.1226053640625 0 0.1273946359375 0.00078125 0.180076628125 0.01171875 0.170498084375
0 1 0.1273946359375 0.97421875 0.1245210734375 0.32734375 0.11685823749999999 0.24453125 0.11877394687500001 0.23515625 0.1206896546875 0.23125 0.1331417625 0.23359375 0.1762452109375 0.72890625 0.1762452109375 1 0.1848659 1 0.1273946359375
0 0.15546875 0.266283525 0.159375 0.21551724062500002 0 0.21743294999999999 0.00078125 0.266283525 0.0484375 0.2691570875 0.15546875 0.266283525
0 0 0.5105363984375 0.00546875 0.5134099609375 0.01953125 0.50957854375 0.05546875 0.521072796875 0.159375 0.5201149421875 0.15859375 0.465517240625 0.05234375 0.46360153281249994 0 0.47222222187499996 0 0.5105363984375
0 0.56953125 0.46743294999999996 0.55390625 0.4616858234375 0.52265625 0.4712643671875 0.23515625 0.46743294999999996 0.23125 0.514367815625 0.23984375 0.5249042140625 0.51484375 0.5268199234375001 0.5390625 0.5431034484375 0.54375 0.5699233718750001 0.553125 0.5833333328125 0.5578125 0.9952107281250001 0.5953125 0.9971264375000001 0.6015625 0.9243295015624999 0.6015625 0.581417625 0.609375 0.5699233718750001 0.609375 0.548850575 0.59375 0.4913793109375 0.56953125 0.46743294999999996
0 0.159375 0.4339080453125 0.15546875 0.3793103453125 0 0.3840996171875 0.00078125 0.43486589999999997 0.140625 0.43773946406249997 0.159375 0.4339080453125
0 0.68828125 0.3793103453125 0.66015625 0.37356321875 0.64765625 0.37356321875 0.63984375 0.3831417625 0.23359375 0.381226053125 0.23515625 0.43869731874999995 0.63671875 0.4406130265625 0.6609375 0.45306513437499996 0.665625 0.4798850578125 0.6765625 0.49329501875000004 0.678125 0.9971264375000001 0.71875 0.9971264375000001 0.7234375 0.9798850578125 0.725 0.49712643749999996 0.7328125 0.46839080468749994 0.7296875 0.4358237546875 0.7140625 0.3994252875 0.68828125 0.3793103453125
0 0.159375 0.34770115 0.15703125 0.298850575 0 0.3017241375 0.00078125 0.35440612968749996 0.134375 0.355363984375 0.159375 0.34770115
0 0.8796875 0.9568965515625001 0.8796875 0.8534482765625 0.8765625 0.8323754796875 0.86875 0.8285440609375 0.8765625 0.8247126437500001 0.8734375 0.771072796875 0.878125 0.7653256703125 0.878125 0.728927203125 0.884375 0.72701149375 0.884375 0.6982758625 0.878125 0.6982758625 0.884375 0.68869731875 0.884375 0.6791187734374999 0.878125 0.6791187734374999 0.884375 0.6695402296874999 0.8859375 0.61015325625 0.884375 0.418582375 0.8953125 0.4051724140625 0.890625 0.3534482765625 0.87109375 0.3160919546875 0.85234375 0.3007662828125 0.82109375 0.2931034484375 0.80390625 0.2931034484375 0.79921875 0.3007662828125 0.46640625 0.2950191578125 0.2328125 0.2998084296875 0.23125 0.3515325671875 0.23671875 0.3563218390625 0.76484375 0.36015325625 0.79921875 0.362068965625 0.80703125 0.37356321875 0.82265625 0.3754789265625 0.8296875 0.4051724140625 0.8390625 0.4147509578125 0.8359375 0.9875478921875 0.84296875 0.9961685828125001 0.8609375 0.9971264375000001 0.8703125 0.9952107281250001 0.8703125 0.9856321843750001 0.8625 0.981800765625 0.8765625 0.9779693484375 0.8734375 0.962643678125 0.8796875 0.9568965515625001
0 0.15703125 0.266283525 0.159375 0.21551724062500002 0 0.21743294999999999 0.00078125 0.26819923437500004 0.0796875 0.2691570875 0.15703125 0.266283525
0 0.971875 0.251915709375 0.95078125 0.2183908046875 0.90390625 0.1973180078125 0.88984375 0.1973180078125 0.87890625 0.21072796875000002 0.53515625 0.20306513437499998 0.2328125 0.2136015328125 0.23515625 0.266283525 0.83203125 0.264367815625 0.87890625 0.266283525 0.88984375 0.27777777812500004 0.90234375 0.27777777812500004 0.921875 0.3285440609375 0.925 0.9798850578125 0.92890625 0.998084290625 0.9546875 0.9990421453125 0.96953125 0.998084290625 0.971875 0.9913793109375 0.9703125 0.3151341 0.978125 0.3074712640625 0.978125 0.2959770109375 0.971875 0.251915709375