0 0.5890625 0.3796875 0.5890625 0.3679598765625 0.5192808140625 0.343990040625 0.274149025 0.22218063125 0.115805625 0.16012535156250002 0.104445753125 0.10865904062500001 0.0758883421875 0.089680634375 0.0411958234375 0.11974070156250001 0.0263628 0.17338454375 0.0055193453125 0.16249996093750002 0 0.1671082671875 0 0.2833102875 0.008743140625 0.28452360312499997 0.0195081265625 0.2661584265625 0.0202314515625 0.2869655203125 0.03336095 0.28975628124999997 0.043894590625 0.2442344140625 0.0329643578125 0.24320195625 0.032898259375 0.2354429015625 0.051542446875 0.24456918125 0.0803604921875 0.23004130156249997 0.10333711406249999 0.234925134375 0.14778136718749998 0.259862059375 0.222225921875 0.2808490734375 0.27270989375 0.3096514515625 0.35431032500000004 0.33732283125 0.44157144375 0.3796875 0.5890625 0.3796875
0 0.5890625 0.2244733375 0.5213073125000001 0.19726570000000002 0.46386575937499996 0.185056121875 0.40950828437500003 0.1502670703125 0.263703253125 0.08571356875 0.2548731390625 0.07480083125 0.25864749374999996 0.069148925 0.234554715625 0.061446178124999994 0.23652263593749998 0.036047790625 0.20753934375 0.031178035937499998 0.19244192499999999 0.0537856625 0.1728175375 0.1219010796875 0.1730158328125 0.145178240625 0.1836193328125 0.17195793125 0.23810524531250002 0.1577225890625 0.42999571562499994 0.2475618625 0.49183580156250006 0.26328804687499996 0.5297153046874999 0.28682959218750004 0.5890625 0.3093968015625 0.5890625 0.2244733375
0 0.38708968593750004 0 0.39771876875 0.0483669078125 0.42900423437499996 0.1311760484375 0.4506040640625 0.166747253125 0.476404128125 0.1825578984375 0.48063741406249993 0.16667686875 0.46454851562500005 0.07289868125 0.44440012500000003 0 0.38708968593750004 0
0 0.25732683437500004 0 0.2604171203125 0.020473375 0.27256265625 0.035963328125 0.288974528125 0.0394517796875 0.311818953125 0.028817504687500002 0.3628978140625 0.12745136875000002 0.44289010624999997 0.15865343125 0.3658338796875 0 0.25732683437500004 0
0 0.28511230625 0.227092615625 0.34317803750000003 0.24847070625 0.32036290156249997 0.19844200781250002 0.2754266703125 0.1798546765625 0.2645294875 0.1827017453125 0.28511230625 0.227092615625
0 0.5056225265625 0.279126846875 0.4929519578125 0.2661069609375 0.428387578125 0.25109254375 0.4439807359375 0.286677825 0.4852087125 0.318676115625 0.520231725 0.32741132031250003 0.5056225265625 0.279126846875
0 0.108984715625 0.3796875 0.10751182031249999 0.34037005468750003 0.0695662171875 0.3090694546875 0.05630828125 0.3553030890625 0.056713684375 0.3796875 0.108984715625 0.3796875
0 0.036169931249999995 0 0.0021964015625 0.0288377375 0.01165069375 0.0489189859375 0 0.05598838125 0 0.0701688734375 0.007648753125 0.09195670624999999 0.0015466953125000001 0.14487470625 0.019698903125 0.1603505828125 0.028954896875000004 0.15715466875 0.0390296078125 0.121861925 0.0693235921875 0.08828525468750001 0.08350315 0.0861358765625 0.10497078124999999 0.10618897187500001 0.116855684375 0.1551852125 0.1683236171875 0.1712883953125 0.16841900468749998 0.1183844734375 0.188109490625 0.05802811249999999 0.1893540875 0.01182263125 0.18503566875 0 0.036169931249999995 0
0 0.261039928125 0.3796875 0.2157310296875 0.3517552515625 0.2009896359375 0.2879526703125 0.1910433640625 0.2742210171875 0.1395754296875 0.258117834375 0.1436141796875 0.2835021453125 0.13872366875 0.28633513593750004 0.12040621250000001 0.2514616234375 0.0787523546875 0.23357198281249997 0.06411386718749999 0.2459504859375 0.0529891 0.2861833671875 0.1393846546875 0.363925678125 0.1584877734375 0.362822834375 0.163581184375 0.3796875 0.261039928125 0.3796875
0 0.75222716875 0.0018861515625 0.7331685953125 0.000194375 0.725201528125 0.0055786640625000005 0.7164686609375 0.0713542 0.7399534640625001 0.081850959375 0.77775075 0.0867393578125 0.78270504375 0.08071468281250001 0.79006191875 0.04610330625 0.7999705046875001 0.0340539546875 0.8018450234374999 0.020296910937500003 0.7847056328125 0.009576079687499999 0.75222716875 0.0018861515625
0 0.6970355749999999 0 0.7225756140625 0.0105254203125 0.7174952515624999 0.07393165625 0.77775075 0.0867393578125 0.7859483515625 0.070394246875 0.789422190625 0.049112990625000005 0.8107940156250001 0.0127620890625 0.81350668125 0 0.6970355749999999 0
0 0.3299615 1 0.359120921875 0.9568079484374999 0.40430953281250004 0.958168403125 0.4175150171875 0.9431118359374999 0.426521225 0.9092992093750001 0.4263936859375 0.8927827359375 0.415855175 0.8781756828125001 0.372343271875 0.8689269421875 0.3657489625 0.8400430046875 0.3395142828125 0.8179772859375 0.3257667609375 0.762838840625 0.3060307375 0.7572697046875 0.2846180046875 0.7595888562499999 0.2605382984375 0.791571628125 0.22848955625 0.916674371875 0.23024505 0.99399788125 0.2329099234375 1 0.3299615 1
0 0.77245595625 1 0.810616171875 0.9682764625000001 0.8181070437500001 0.9478490546875001 0.832739390625 0.94073585 0.8419635812500001 0.9269681953125 0.8543792109374999 0.9327528812499999 0.859013640625 0.9282330484374999 0.856461928125 0.9056710234375001 0.8356772390625 0.862718725 0.8075277453125 0.7828122765625001 0.7891831 0.75060203125 0.7723412421875 0.7360123609375 0.7684358734375 0.7469784859375 0.7555368453125 0.760751446875 0.73359949375 0.7726032500000001 0.7218163890625 0.7984096453125 0.707526240625 0.8063820015625 0.692112965625 0.8369216906249999 0.6578716484375 0.85480878125 0.64381203125 0.8518203171875001 0.6379204796875 0.8647235140625 0.638128678125 0.8513987000000001 0.632765190625 0.8494722390625 0.6318279312499999 0.8563507593749999 0.6215771484375 0.8675409593750001 0.6164888562499999 0.8593816671875001 0.623064803125 0.8481967734375001 0.6166970578125001 0.8460568515624999 0.6128363546875 0.861750965625 0.6014919812499999 0.8632717249999999 0.6069966703125 0.8447813875 0.6156258 0.8387514062499999 0.6337168546874999 0.773392184375 0.6328091312499999 0.7480339359375 0.6492115359375 0.6807429468749999 0.6618130296875 0.6708388234375 0.658807459375 0.6355976734375 0.654723425 0.62765184375 0.6315808203125 0.618014234375 0.6140099 0.5969782718750001 0.5890625 0.5916755375 0.5890625 0.8858282062499999 0.5893443484375 0.885854971875 0.6291429468749999 0.9257710593749999 0.6634032765625 1 0.77245595625 1