0 0.0608137515625 0 0.031261096875 0.1247741875 0.0361443703125 0.303763915625 0.046556715625 0.30221685625 0.051280468749999995 0.2779363578125 0.06509214062499999 0.1410258796875 0.08261290624999999 0.1320966765625 0.08670862812499999 0.095832625 0.07060769375 0.074646246875 0.083677321875 0 0.0608137515625 0
0 0.2063772109375 0 0.2151700359375 0.087097503125 0.2556908109375 0.08797801562499999 0.2579480171875 0.0738405078125 0.2367865234375 0.041904246875 0.25409794375 0.028980526562499997 0.25257913906249996 0 0.2063772109375 0
0 0.5796875 0 0.5781689375 0 0.556183403125 0.0151516421875 0.477699553125 0.11940204218749999 0.45094062343749997 0.18088675781250002 0.4511727546875 0.2139198796875 0.508122 0.1278213921875 0.5333792171875 0.12349360000000001 0.5543904625 0.09535539374999999 0.5443740171875 0.0758528875 0.5796875 0.026760487500000003 0.5796875 0
0 0.49995334218750004 0.22938809999999998 0.463341734375 0.21728762031249998 0.382614196875 0.221518371875 0.35654239374999996 0.23890669375 0.35591436249999997 0.226923140625 0.336532290625 0.228940284375 0.3467352921875 0.22339870468749998 0.313741621875 0.22312508593749997 0.3103558140625 0.244331346875 0.4649118125 0.24724650625 0.497382121875 0.23753383125 0.49995334218750004 0.22938809999999998
0 0 0.3246325 0.0320486453125 0.34002796874999996 0.0677182078125 0.334153115625 0.32447725312500003 0.37076556250000003 0.36696400625000003 0.38055539375 0.3826462546875 0.39375273437499997 0.3967584234375 0.37699119062499997 0.35385298125000003 0.35921232187499996 0.02470809375 0.3143769890625 0 0.3061650640625 0 0.3246325
0 0.2570245078125 0.3422566953125 0.3605199265625 0.3148025390625 0.3833924765625 0.2935763921875 0.37111882500000004 0.28821139375 0.33906720468749996 0.3059131046875 0.22536878749999997 0.338908840625 0.2570245078125 0.3422566953125
0 0 0.42154974687499996 0.038074040625 0.3977917875 0.19465511093750001 0.353536315625 0.1675365890625 0.3509520484375 0.064041171875 0.37840620468749997 0.031047504687499998 0.37813258437499997 0 0.3997745203125 0 0.42154974687499996
0 0.21426691875 0.5390625 0.1829368796875 0.530391975 0.118369371875 0.4997291546875 0.0811525203125 0.504683725 0.10063926249999999 0.5046638406249999 0.1260239390625 0.5313719109374999 0.14575731875 0.5390625 0.21426691875 0.5390625
0 0.47128327968750006 0.483236465625 0.47818235624999994 0.4718598046875 0.47161081562499996 0.3750710875 0.46531698125 0.3693926984375 0.44913416249999993 0.375247665625 0.4593236453125 0.48386324375 0.47128327968750006 0.483236465625
0 0.4620130578125 0.363557615625 0.4752059671875 0.35785934375 0.46884376874999995 0.26506514375 0.45079964375000003 0.26400805156249996 0.4470998203125 0.2792225359375 0.4482967875 0.35926959375 0.4620130578125 0.363557615625
0 1 0.3321652265625 0.99126425625 0.33470057343750004 0.961243109375 0.34008818125 0.9250401328125001 0.34834261093749996 0.818036059375 0.3692075265625 0.680440178125 0.3932013984375 0.5796875 0.40844770468749997 0.5796875 0.5390625 0.693189909375 0.5390625 0.750074609375 0.5309341921875 0.8065350656250001 0.520855259375 0.8545451390625001 0.5135077531250001 0.9186203234375 0.5020126109375 0.9297770171874999 0.499139353125 0.9741786734375001 0.4919809546875 1 0.486846015625 1 0.3321652265625
0 1 0.10493485625000001 0.9942544421874999 0.1069592390625 0.980789328125 0.10893633750000001 0.9133449468749999 0.12518517499999998 0.8842126140625 0.1302719171875 0.7996814109375 0.14843337343750002 0.7723001265625 0.152411209375 0.7378614890625 0.159810321875 0.6683736796875 0.171589128125 0.5796875 0.18441025 0.5796875 0.35655680156249997 0.656331025 0.347422275 0.7385014546875001 0.3359959375 0.82284740625 0.32292988125 0.9492467234374999 0.3010485046875 0.96800485625 0.29650545 0.9688600421875 0.29124779843750004 0.9581644609375001 0.2597684828125 0.9577923406250001 0.2526680203125 0.961022396875 0.24957446718749998 0.9882176203124999 0.2420463984375 1 0.23984957499999998 1 0.10493485625000001
0 0.9019816374999999 0.0464439375 0.8986851296874999 0.0482695484375 0.9097824234375 0.048577959375 0.9169460984375 0.047185390625000004 0.9096495234375 0.04604208125 0.9019816374999999 0.0464439375
0 1 0 0.9242579203125001 0 0.914593771875 0.0023003140625000003 0.888605515625 0.0069679984375 0.8577885828125 0.0144315890625 0.8340157187500001 0.018220317187499998 0.8009302343750001 0.0255485140625 0.7610258109375 0.0322169375 0.7371864953125 0.034737725000000004 0.7228724343749999 0.037776453125 0.7187668546875 0.041424457812499996 0.71931174375 0.051821565624999996 0.7280734453125 0.115442078125 0.742934009375 0.14009171874999998 0.7515845484375 0.1498097421875 0.7578531671875 0.152914059375 0.7731623609375 0.15160316875 0.791031678125 0.147360978125 0.8080919234374999 0.14494118281249999 0.8223661124999999 0.14114169062499998 0.8317983375000001 0.1398845140625 0.8429018734374999 0.1359969046875 0.85639356875 0.13452698125 0.8639551359375 0.1320964203125 0.8854993203125 0.1289330609375 0.889930103125 0.127175146875 0.9091924468749999 0.1236228046875 0.9149232250000001 0.1207796234375 0.9306303109374999 0.11843074375 0.9323680718749999 0.11706824687499999 0.957838825 0.11115626249999999 0.9802851140625 0.107945625 0.9855781312499999 0.10537967031249999 1 0.10293971875 1 0
0 0.6712026578125 0 0.657678471875 0.0020333109375 0.5796875 0.0122280796875 0.5796875 0.1692984359375 0.5836548015624999 0.1689090890625 0.651537753125 0.161028659375 0.7449446171874999 0.1482505921875 0.744964146875 0.144308159375 0.7407975515625 0.1338465734375 0.7360610984375 0.1297719625 0.72711818125 0.114475003125 0.7174012140625 0.0498874171875 0.7174535671875 0.042256139062499996 0.7191248765625 0.039625703125 0.723310196875 0.0374992265625 0.7385396515625 0.034666809375 0.7456501671875 0.0322598875 0.7663055375 0.0293973921875 0.774769209375 0.026919554687500003 0.7959155015625 0.024794187500000002 0.8210149453125 0.020427365625 0.8299030890625 0.0174187140625 0.8509962203124999 0.0142789921875 0.857629103125 0.011388534375 0.8787089453125001 0.007995225 0.8862572234374999 0.0053110765625 0.9069125953124999 0.0024485828125 0.9144741609375 0.000018021875000000003 0.9145844890625 0 0.6712026578125 0
0 0.41274342343750003 0.5390625 0.43420625625 0.5661469078125 0.4282566015625 0.6145472187500001 0.46669154218750003 0.7002237265625 0.501430440625 0.7153755515625 0.525868328125 0.8173436593750001 0.5614663125 0.8084062078125 0.570492678125 0.7782314359375 0.49215461875 0.5390625 0.41274342343750003 0.5390625
0 0.9190804671875 0.6480775109375 0.825981403125 0.627829253125 0.7572534453124999 0.6277085578125 0.7277768828125 0.6506581578125 0.707970046875 0.7410379609375 0.6461880125 0.7563741859374999 0.6126917171875 0.7962860328125 0.5969862406249999 0.9180927703125 0.6613948015625 0.9528736406250001 0.7462676687500001 0.9800675203125 0.9222045734375 0.9652631968750001 0.9352287359375 0.9562048390625 0.950124675 0.9126145781249999 0.9699315109375 0.8222347750000001 0.9672971578125 0.795384175 0.9542808218750001 0.7811760375000001 0.9102314625 0.7602184796875 0.9348362625 0.667725940625 0.9190804671875 0.6480775109375