0 0.48064572187500004 0 0.480772203125 0.0125748359375 0.47926776406249993 0.025863242187500003 0.47960719999999996 0.071283171875 0.478174675 0.1011169890625 0.47931845468749995 0.113471409375 0.47728099999999996 0.2178352453125 0.47738486875 0.262043290625 0.479100540625 0.280574921875 0.47763536249999994 0.294065309375 0.4781398484375 0.301513296875 0.4744338328125 0.30590189375 0.40796532343749997 0.318193225 0.37782523281249997 0.3248903140625 0.3746466375 0.3287571640625 0.37286216250000004 0.33413473125 0.3740985375 0.346156734375 0.37519528593749996 0.35 0.6 0.35 0.6 0.0852933796875 0.5959016296875 0.0759274484375 0.593411153125 0.0663501484375 0.5869768421875 0.051041465625000004 0.5840708203125 0.0474140890625 0.5804358625 0.0368015796875 0.5805484375 0.030910546875 0.5742934046875 0.019759265625 0.5669737875 0 0.48064572187500004 0
0 1 0.35 1 0 0.6 0 0.6 0.335204315625 0.614742234375 0.3382106671875 0.6214224749999999 0.3381844953125 0.627460471875 0.3397675546875 0.6348733859375 0.34023513437499997 0.640297865625 0.3419374484375 0.64855161875 0.3418174734375 0.6527093453124999 0.3435539640625 0.6598155015625 0.344081171875 0.6662396937499999 0.3460132734375 0.6725337390625 0.34563805937500003 0.6921020859375 0.3496804265625 0.69839613125 0.3493052125 0.7003441203125 0.35 1 0.35
0 0.296911115625 0.4526481203125 0.28234153125 0.46504149375 0.25855703750000003 0.5644088625 0.27090429843749997 0.57417776875 0.3184015484375 0.5632068140625 0.33101745625 0.5407626484375 0.3148247328125 0.4708963703125 0.296911115625 0.4526481203125
0 0.6 1 0.6 0.9302487375 0.46570082656249995 0.8170686968750001 0.3417528234375 0.7438099828125 0.3562035546875 0.7375241953125 0.358307028125 0.721469503125 0.3393335875 0.6104215578125001 0.3110263859375 0.5924551890625 0.2855308453125 0.595672596875 0.25277899531250003 0.6220307921874999 0.26370002812500004 0.705090753125 0.2747448375 0.7081591328125001 0.2752772109375 0.717616984375 0.19556540625000002 0.6905199921875 0.1895285625 0.63258700625 0.156275284375 0.6294894546875 0.1191716171875 0.6401785249999999 0.0864197671875 0.6665367203125 0.0698655640625 0.6888772 0.060268078125 0.7402878578125 0.06331744375000001 0.7492564546875 0.09186235000000001 0.7550076453125001 0.1553504875 0.73223625625 0.20956674843749998 0.7625506546875 0.319777134375 0.805449628125 0.317141290625 0.8120464703125 0.30260265 0.80444195 0.2900176859375 0.8068882187499999 0.2782907078125 0.8204674718749999 0.32512688437500004 0.9539142406250001 0.32423006718749997 1 0.42131255312500004 1 0.4239668484375 0.9920697031250001 0.41970786406249994 0.9164068921874999 0.354746384375 0.8308131453125001 0.5883501921875001 1 0.6 1
0 0 0.35 0 0.3750685015625 0.04973946875 0.54502324375 0.06951885468749999 0.5594319750000001 0.1016764453125 0.56361171875 0.11962592968750001 0.48797808125 0.11714480468749999 0.3945854453125 0.1052154625 0.35 0 0.35
0 0 0.8052473734374999 0.0429958375 0.8731578593750001 0.0953463328125 0.9073117749999999 0.1309098453125 0.9021373531249999 0.13857967499999999 0.8945620046875 0.12481603593749999 0.8103161640625001 0.09020334375 0.7666298828125 0.055766465625 0.7507242171875 0.053874678125 0.7006776359375 0.021985737499999998 0.6642848203125 0 0.6822889625 0 0.8052473734374999
0 0.14582427343749998 0.35 0.129166453125 0.4026792203125 0.13283609999999998 0.4349959765625 0.11284010468750001 0.5605725109374999 0.055983073437499996 0.6107389484375 0.066790178125 0.6260225046875 0.11153273125 0.6277559796875 0.2569549953125 0.6099193015625 0.27874994375 0.5943830343750001 0.2725323609375 0.5825534265625001 0.22474044218749997 0.5718513546875 0.2196185484375 0.558939553125 0.2378985703125 0.41109705312500006 0.25427695781250004 0.36097595781249997 0.26407103906249996 0.35 0.14582427343749998 0.35
0 0.305950765625 0.35 0.33975695625 0.4782190078125 0.37795138906250003 0.5403317375000001 0.41274482187499995 0.537914640625 0.42503511875 0.5137953453125 0.4340742125 0.3990407375 0.418677884375 0.35 0.305950765625 0.35
0 0.4841974578125 0.529240928125 0.47397969062499995 0.5573034265625 0.47747352187500003 0.5618395671874999 0.5580172890624999 0.5461834453125001 0.5716100359375 0.5287646765625 0.5534587125 0.5227316015625 0.4841974578125 0.529240928125
0 0.32814390625 0.559574665625 0.28828554375 0.5829681671875 0.2946219796875 0.5886901859375 0.3393645328125 0.5904236609375 0.42461667187499996 0.5721138984375 0.42236832968750004 0.54039008125 0.32814390625 0.559574665625
0 0.4426798328125 0.35 0.4395836046875 0.3736318765625 0.428022596875 0.5627597328125 0.4356305390625 0.5951801734375 0.45313063593749997 0.5978629859375 0.48310176718750003 0.5303231203125 0.5032007046875 0.35 0.4426798328125 0.35
0 0.556911753125 0.6950336265624999 0.546962634375 0.6908830531250001 0.49893300937499996 0.6923961578125001 0.46965389531249996 0.5955204015625 0.440545671875 0.6003092546875 0.425149046875 0.5815717499999999 0.4101659421875 0.5783996859375 0.365836909375 0.5922316484375 0.35630131249999997 0.6036465156249999 0.3683489796875 0.6656263906250001 0.40719463593749994 0.7310893828125 0.37882554687500003 0.75311880625 0.403845678125 0.7743317515625 0.4532966046875 0.7734115890625 0.49795124843750005 0.7612547546874999 0.5604934921875 0.7134600750000001 0.556911753125 0.6950336265624999
0 0.30691859843749997 0.9139929640624999 0.3001686421875 0.8927055062499999 0.2477872015625 0.8785494843749999 0.22573345156250002 0.7785308359374999 0.15446155625 0.74110116875 0.11821587656250002 0.7629232218750001 0.1442648859375 0.896933759375 0.1391120484375 0.9040198546875 0.099165775 0.9135230484375001 0.084151728125 0.930348878125 0.0866377765625 0.9498575203125 0.12119350625 0.9596555984374999 0.2347837921875 0.9393143078125 0.29924876718750004 0.9215683125 0.30691859843749997 0.9139929640624999
0 0.6 1 1 1 1 0.35 0.6 0.35 0.6 1