0 0.07679738593749999 1 0.081699346875 0.9767156859374999 0.078431371875 0.9203431375 0.0841503265625 0.9068627453125 0.098856209375 0.8995098046875001 0.133169934375 0.9264705875000001 0.1478758171875 0.9264705875000001 0.1633986921875 0.8835784312499999 0.1364379078125 0.8431372546875 0.10375817031250001 0.848039215625 0.10294117656249999 0.8370098046875001 0.08823529375 0.8223039218749999 0.09150326875 0.7977941171875 0.06944444375 0.78676470625 0.0563725484375 0.811274509375 0.048202614062499996 0.813725490625 0.03676470625 0.7990196078125 0.013888889062500001 0.8235294124999999 0 0.8247549015625 0 0.893382353125 0.0171568625 0.9142156859374999 0.0400326796875 0.919117646875 0.0473856203125 0.9350490203125 0.0506535953125 0.9938725484375001 0.0563725484375 1 0.07679738593749999 1
0 0.23284313750000002 0.9044117640625 0.20179738593750002 0.8897058828125 0.20016339843750003 0.8676470593750001 0.1764705875 0.8958333328125001 0.15849673125 0.9448529406249999 0.1633986921875 0.97426470625 0.1764705875 0.9865196078125 0.19689542499999999 0.9681372546875 0.2099673203125 0.9754901953124999 0.222222221875 0.9497549015625 0.223856209375 0.9252450984375 0.24019607812500002 0.9252450984375 0.23284313750000002 0.9044117640625
0 0.455882353125 1 0.4526143796875 0.9767156859374999 0.46405228750000005 0.9473039218749999 0.455065359375 0.9289215687500001 0.437091503125 0.921568628125 0.40196078437500005 0.9325980390625 0.40277777812500004 0.9460784312499999 0.43300653593750005 0.9693627453125 0.44199346406249995 1 0.455882353125 1
0 0.43055555625 0.8995098046875001 0.439542484375 0.90073529375 0.44607843125 0.890931371875 0.44444444375 0.8615196078125 0.420751634375 0.828431371875 0.40931372499999996 0.828431371875 0.4068627453125 0.8664215687500001 0.43055555625 0.8995098046875001
0 0.45751634062499996 0.8835784312499999 0.47222222187499996 0.8884803921875 0.4754901953125 0.8713235296875 0.4591503265625 0.8419117640625 0.4526143796875 0.8125 0.44526143749999997 0.8088235296875 0.436274509375 0.8272058828125 0.45751634062499996 0.8835784312499999
0 0.4852941171875 0.8713235296875 0.48202614375 0.8835784312499999 0.49918300625 0.9166666671874999 0.508169934375 0.9154411765624999 0.5130718953125 0.8688725484375001 0.5016339875 0.8419117640625 0.5147058828125 0.8370098046875001 0.49428104531250006 0.8063725484375001 0.4787581703125 0.8370098046875001 0.4852941171875 0.8713235296875
0 0.7745098046875001 0.9399509796875 0.7712418296875 0.8419117640625 0.7647058828125 0.8174019609375 0.76797385625 0.8002450984375 0.784313725 0.785539215625 0.7859477125 0.7708333328125 0.76879085 0.7450980390625 0.703431371875 0.8333333328125001 0.6903594765625 0.813725490625 0.67892156875 0.813725490625 0.670751634375 0.828431371875 0.651960784375 0.8345588234375001 0.669934640625 0.8688725484375001 0.651960784375 0.8958333328125001 0.66013071875 0.91789215625 0.6266339875 0.9289215687500001 0.6192810453125001 0.9424019609375 0.6192810453125001 0.964460784375 0.6282679734375 0.9975490203125 0.64133986875 0.9975490203125 0.6478758171875 0.9877450984375 0.6544117640625 0.9975490203125 0.6666666671875 0.9963235296875 0.6723856203125 0.9779411765624999 0.6936274515624999 0.96323529375 0.71650326875 0.9681372546875 0.741013071875 0.9460784312499999 0.758986928125 0.965686275 0.7745098046875001 0.9399509796875
0 1 0.7095588234375 0.9918300656250001 0.6825980390625 0.9763071890624999 0.671568628125 0.96486928125 0.6813725484375001 0.9272875812500001 0.67892156875 0.919934640625 0.7022058828125 0.8921568625 0.731617646875 0.8872549015625 0.751225490625 0.8856209156249999 0.765931371875 0.8986928109375001 0.785539215625 0.8970588234375001 0.8002450984375 0.98202614375 0.8174019609375 1 0.8149509796875 1 0.7095588234375
0 0.848856209375 0.73039215625 0.8333333328125001 0.765931371875 0.83986928125 0.785539215625 0.8374183000000001 0.8088235296875 0.8218954249999999 0.7977941171875 0.812908496875 0.7647058828125 0.7973856203125 0.785539215625 0.8006535953125 0.8075980390625 0.813725490625 0.8198529406249999 0.8194444437499999 0.83823529375 0.832516340625 0.8357843140625001 0.8431372546875 0.846813725 0.8366013078125001 0.8811274515624999 0.8447712421875 0.8884803921875 0.8839869281249999 0.8272058828125 0.87418300625 0.8198529406249999 0.87581699375 0.7732843140625 0.8643790843750001 0.75857843125 0.85702614375 0.73039215625 0.848856209375 0.73039215625
0 0.9763071890624999 0.4583333328125 0.9616013078125001 0.46323529375000005 0.9509803921875 0.447303921875 0.9526143796875 0.4375 0.9419934640625 0.43382352968750004 0.937091503125 0.4485294125 0.917483659375 0.4509803921875 0.9044117640625 0.44117647031249996 0.8962418296875001 0.453431371875 0.8782679734375 0.4509803921875 0.8717320265625 0.4681372546875 0.8594771234374999 0.47181372499999996 0.8611111109375 0.5134803921875 0.91013071875 0.5477941171875 0.91013071875 0.5649509796875 0.901960784375 0.572303921875 0.9060457515625 0.590686275 0.9256535953125 0.58823529375 0.9681372546875 0.634803921875 0.9901960781250001 0.63357843125 1 0.6139705875 0.9975490203125 0.384803921875 0.9852941171875 0.390931371875 0.9934640515625001 0.4080882359375 0.9869281046875 0.44485294062499997 0.9763071890624999 0.4583333328125
0 1 0.20710784375000002 0.9746732031249999 0.1911764703125 0.9697712421875 0.17892156875 0.9599673203125001 0.203431371875 0.938725490625 0.20833333281250002 0.91176470625 0.23897058750000003 0.9624183000000001 0.285539215625 0.9624183000000001 0.268382353125 0.9779411765624999 0.23284313750000002 1 0.23161764687500003 1 0.20710784375000002
0 0.8643790843750001 0.13357843125 0.8594771234374999 0.15318627499999998 0.8709150328125 0.1629901953125 0.8986928109375001 0.1213235296875 0.8880718953125 0.10539215625000001 0.875 0.1078431375 0.8635620921875 0.098039215625 0.8529411765624999 0.1213235296875 0.8643790843750001 0.13357843125
0 0.84150326875 0.0943627453125 0.8496732031249999 0.07965686250000001 0.8227124187499999 0.0416666671875 0.796568628125 0.0392156859375 0.7892156859375 0.055147059374999995 0.8161764703125 0.08823529375 0.84150326875 0.0943627453125
0 0.957516340625 0.018382353125 0.9485294124999999 0.0024509796875 0.9166666671874999 0.001225490625 0.9223856203125 0.0171568625 0.954248365625 0.0330882359375 0.957516340625 0.018382353125
0 1 0.072303921875 0.99918300625 0.0318627453125 0.9869281046875 0.0649509796875 1 0.072303921875
0 0.7361111109375 0.313725490625 0.75 0.31495097968749997 0.759803921875 0.2977941171875 0.7630718953125 0.268382353125 0.75081699375 0.2549019609375 0.7246732031249999 0.2549019609375 0.723856209375 0.30024509843749997 0.7361111109375 0.313725490625
0 0.3790849671875 0.3615196078125 0.41013071874999996 0.3860294125 0.4264705875 0.3639705875 0.43137254843750006 0.3345588234375 0.4142156859375 0.30882352968750004 0.39460784375 0.3063725484375 0.3807189546875 0.339460784375 0.3790849671875 0.3615196078125
0 0.41258169999999994 0.4705882359375 0.384803921875 0.46568627500000004 0.3684640515625 0.4485294125 0.35620915000000003 0.47181372499999996 0.3529411765625 0.501225490625 0.364379084375 0.5502450984375 0.348039215625 0.5600490203125 0.34150326875000003 0.5919117640625 0.35866013125 0.6004901953124999 0.366013071875 0.5772058828125 0.37826797343749996 0.57107843125 0.3807189546875 0.6017156859375 0.39379084999999997 0.609068628125 0.40114379062500005 0.5931372546875 0.4166666671875 0.596813725 0.43137254843750006 0.518382353125 0.42483660156249997 0.5110294125 0.42483660156249997 0.4889705875 0.41258169999999994 0.4705882359375
0 0.26879084999999997 0.5171568625 0.2557189546875 0.5 0.25326797343749996 0.49142156875 0.26960784375 0.47181372499999996 0.26797385625 0.45710784374999996 0.25245097968749997 0.44117647031249996 0.23284313750000002 0.438725490625 0.23039215624999998 0.4522058828125 0.215686275 0.4669117640625 0.2173202609375 0.4767156859375 0.20424836562499998 0.4889705875 0.20424836562499998 0.5110294125 0.221405228125 0.544117646875 0.23611111093749998 0.546568628125 0.2614379078125 0.5796568625 0.2908496734375 0.5649509796875 0.2810457515625 0.552696078125 0.2810457515625 0.5404411765625 0.292483659375 0.518382353125 0.2802287578125 0.509803921875 0.26879084999999997 0.5171568625
0 0.1470588234375 0.5477941171875 0.150326796875 0.572303921875 0.1625817 0.5931372546875 0.17728758125 0.58823529375 0.20016339843750003 0.6102941171875 0.2124183 0.6115196078125 0.23039215624999998 0.5747549015625 0.2116013078125 0.563725490625 0.2107843140625 0.5502450984375 0.188725490625 0.5171568625 0.17728758125 0.5122549015625 0.1470588234375 0.5477941171875
0 0.1217320265625 0.5931372546875 0.0939542484375 0.5514705875 0.0563725484375 0.561274509375 0.025326796875 0.5490196078125 0.01960784375 0.5575980390625 0.01797385625 0.6017156859375 0 0.61642156875 0.0008169937500000001 0.7181372546875 0.0204248359375 0.7181372546875 0.028594771875 0.69607843125 0.0547385625 0.6838235296875 0.07271241875 0.69607843125 0.0939542484375 0.6740196078125 0.10375817031250001 0.6911764703125 0.1217320265625 0.6911764703125 0.1405228765625 0.7095588234375 0.14133986875 0.759803921875 0.1650326796875 0.7610294125 0.1797385625 0.7463235296875 0.16176470625 0.6801470593750001 0.1633986921875 0.6482843140625 0.1797385625 0.626225490625 0.1756535953125 0.6078431375 0.1217320265625 0.5931372546875
0 0 0.447303921875 0.0049019609375 0.447303921875 0 0.47181372499999996 0.014705882812500001 0.498774509375 0.021241829687499998 0.5477941171875 0.0245098046875 0.49632352968750004 0.0318627453125 0.4852941171875 0.046568628125 0.4852941171875 0.0506535953125 0.4669117640625 0.0408496734375 0.4522058828125 0.044117646875 0.4375 0.0383986921875 0.42892156875 0.007352940625 0.4166666671875 0 0.4227941171875 0 0.447303921875
0 0 0.390931371875 0.013071895312500002 0.3982843140625 0.01960784375 0.32475490156250003 0.058006535937500006 0.296568628125 0.058006535937500006 0.27450980468749997 0.008986928125 0.26960784375 0.0016339875000000001 0.2806372546875 0 0.390931371875
0 0.453431371875 0.5416666671875 0.46405228750000005 0.54289215625 0.48039215625000004 0.52573529375 0.4852941171875 0.50857843125 0.4795751640625 0.5 0.4485294125 0.49509803906250005 0.44117647031249996 0.5208333328125 0.453431371875 0.5416666671875