0 0.559375 0.34158675 0.2870283171875 0.36255048125 0 0.3775929984375 0 0.45535117812500003 0.02896849375 0.454147921875 0.559375 0.4153242875 0.559375 0.34158675
0 0.2152144265625 0.5296875 0.209970096875 0.4446620296875 0.150720821875 0.44861577343750003 0.1535015265625 0.5296875 0.2152144265625 0.5296875
0 0.1324661265625 0 0.12947188125 0.0033549312499999997 0.124117496875 0.0206079546875 0.1362939890625 0.053914637499999994 0.148454753125 0.36556971250000003 0.1996482328125 0.367129878125 0.210602984375 0.3572209375 0.19707138125 0.0592156359375 0.21338051875000003 0.0320536703125 0.2422410984375 0.025449428125 0.256272215625 0.014530640624999999 0.48403332343749994 0 0.1324661265625 0
0 0.12348119375 0.5296875 0.12157399531249999 0.46966156875 0.11634857812499999 0.449568525 0.05727671250000001 0.4569074546875 0.0633484890625 0.5296875 0.12348119375 0.5296875
0 0.037181246875000004 0 0.0549219390625 0.37216879999999997 0.11724758125000001 0.3672052109375 0.0997638046875 0 0.037181246875000004 0
0 0 0.5296875 0.034663615625 0.5296875 0.0324682515625 0.48112036874999997 0.022727059375 0.454475021875 0 0.4567594625 0 0.5296875
0 1 0 0.559375 0 0.559375 0.48855248749999997 1 0.462795846875 1 0
0 0 0.777664034375 0.00746245 0.779467875 0.0070214390625 0.792864909375 0.012347971874999999 0.796347171875 0.034929303125 0.790984384375 0.0328479890625 0.783988565625 0.053522749999999994 0.7749642812499999 0.07513883593750001 0.7729955593750001 0.0828805546875 0.7571262390625 0.065363640625 0.76096980625 0.0624044546875 0.759035215625 0.0644223140625 0.7539142421875 0.0820942046875 0.7421217875 0.084441784375 0.73238625 0.0675208578125 0.714883896875 0.0549809890625 0.715541084375 0.0507944421875 0.7119990749999999 0.051322825 0.700269203125 0.044089721875 0.69312544375 0.04339074375 0.6797881546875 0.059883109375 0.6454890234375 0.049603446875 0.6347435109375 0.03004890625 0.6324248421875 0.017596409375 0.6347491890625 0.0128377953125 0.6421034734375001 0.0167383078125 0.6510936265625 0.0118049484375 0.6551135890625 0.0006671859375 0.6607125140625 0 0.6607252828125001 0 0.777664034375
0 0 0.77837421875 0.0075061359375 0.7803014562499999 0.0122606 0.7946800109375 0.0315530234375 0.7919971968749999 0.0413323703125 0.7822901140624999 0.061546353124999995 0.775379653125 0.07070994375 0.775735278125 0.07406230312499999 0.7851720953125 0.0827214296875 0.7868079640625 0.0984191453125 0.7809700625 0.10648643437500001 0.7822190140625 0.11060952500000001 0.7736442296874999 0.1426602484375 0.7744721343750001 0.1754577859375 0.7677380671874999 0.1871197828125 0.772142109375 0.1983886046875 0.7690439234374999 0.21059875312499998 0.7730013031249999 0.21248140468750001 0.787112428125 0.2048946640625 0.7950328625 0.210813034375 0.7989020453125001 0.20077157343750002 0.8036076453125001 0.21162330156250003 0.8034568656250001 0.220083765625 0.8122080421875 0.2587996734375 0.8093431578124999 0.274453703125 0.8026716734375 0.3112828109375 0.8074285031249999 0.3533749953125 0.80355080625 0.36834981718750004 0.7948252421875 0.3610730265625 0.7868479015625001 0.36054879375 0.7768449359374999 0.3530972609375 0.7655332734375 0.35222353906250004 0.7488616609375001 0.3593495 0.7430550499999999 0.3640405109375 0.7453168140624999 0.3736648796875 0.7435586171875 0.37090435781250003 0.73450871875 0.3784037265625 0.7249211234375 0.3730137375 0.7093220687499999 0.37279945625 0.6834213265625 0.36767158437499997 0.67282375625 0.37280360625000003 0.6616884875 0.3566929453125 0.64874095625 0.33067188281250004 0.642999765625 0.3377978453125 0.6371931546875 0.34911035468749996 0.6349285515625 0.3534081890625 0.629688090625 0.371735371875 0.63039934375 0.3738842890625 0.6277791140625 0.346437203125 0.6275458140625 0.352379490625 0.6209653671875 0.3460877140625 0.6208771703125 0.3451224703125 0.6242712375 0.338699634375 0.6216822984375 0.34076117968749997 0.61739490625 0.32528604375 0.6056678734375 0.3211671015625 0.5925098156249999 0.29966230625 0.58569606875 0.27335935624999996 0.5636701859375 0.2505595953125 0.5648650703125 0.247310228125 0.5901114640625 0.215084759375 0.585949240625 0.1872840359375 0.6007801359375 0.15115390625 0.6093605953125 0.14196639687499998 0.6194545984375 0.1403417140625 0.632077796875 0.12190324374999999 0.6401490109375001 0.1175856390625 0.6341062609375 0.1206998 0.6280919640625 0.115416953125 0.62544328125 0.10296445624999999 0.6277676296875 0.09875399375 0.6346752515625 0.09621189999999999 0.6297932562499999 0.0859520078125 0.630330953125 0.081499196875 0.643520303125 0.086889184375 0.65911935625 0.0906149515625 0.6647751875 0.10227694843749999 0.669179228125 0.1049500984375 0.676561965625 0.0868372 0.7017514546875 0.07861493593749999 0.708451390625 0.0661624390625 0.7107757375 0.05500490625 0.7050914546875 0.0498333484375 0.6936603031249999 0.049178056250000005 0.68115659375 0.054659565624999996 0.6766899703125 0.0504969390625 0.662698334375 0.055716332812500005 0.6532302265625 0.063521503125 0.64947769375 0.0519271109375 0.635457603125 0.033381498437500004 0.630578446875 0.020885315625 0.632069215625 0.009310690625 0.629332334375 0.014899340624999998 0.63781608125 0.014502017187499999 0.6520466953125 0 0.6580694031250001 0 0.77837421875
0 0.3159008921875 0.5296875 0.296206953125 0.54157604375 0.285903375 0.5412801609375 0.2764974359375 0.547206259375 0.27925795937500003 0.5562561578125 0.29291389843750004 0.56598885625 0.3111100203125 0.5641993671875001 0.333075596875 0.568899290625 0.3350695390625 0.5742279484375 0.3295443421875 0.5778609921875 0.3338182609375 0.5830701609375 0.3495159765625 0.5772322578125 0.3577580109375 0.58181553125 0.3634142640625 0.58068323125 0.37159284375 0.5731497140624999 0.371878878125 0.5677015671875 0.34285283125 0.5296875 0.3159008921875 0.5296875
0 0.559375 1 1 1 1 0.8844309609375 0.559375 0.9075231390624999 0.559375 1
0 0.6156661578125 0.5296875 0.5982044125 0.5456199890625 0.5911512265625001 0.738217359375 0.7258250562499999 0.8540957406249999 0.8224339468749999 0.799858146875 0.8600112140625 0.7643607140625 0.8650039546875 0.5651657109375 0.8233205578125 0.5296875 0.6156661578125 0.5296875
0 0.778590665625 0.7485109296875001 0.8106451859374999 0.6730692203124999 0.79369433125 0.61137180625 0.7717726890625001 0.585698196875 0.7720783859375 0.5852532859374999 0.7289073453125 0.57194524375 0.6862735859375 0.590179015625 0.664202978125 0.6270989859375 0.6604004046874999 0.685413628125 0.6857843484374999 0.7444338765625 0.7350657015625 0.7686736265625 0.778590665625 0.7485109296875001