0 0.359375 0.039326678125 0.2255056390625 0.11443334062499999 0.2049931875 0.145132065625 0.35481403437500003 0.07236224062499999 0.359375 0.074129575 0.359375 0.039326678125
0 0.359375 0.215565253125 0.2846801421875 0.22905984375 0.2408084578125 0.2559880421875 0.2441221859375 0.2659136765625 0.3165402890625 0.2430856859375 0.3283886921875 0.2678405546875 0.359375 0.2606868015625 0.359375 0.215565253125
0 0.1418861859375 0.287989478125 0.1340885234375 0.2852079953125 0.1257563953125 0.29782228593750004 0.137002815625 0.32882508593750004 0.12669595312499998 0.33731356562500003 0.1479848328125 0.41181503125 0.1656561640625 0.43522557187500005 0.17666628125 0.4342109234375 0.1828548890625 0.39460121406250004 0.16812595 0.330803175 0.1493181703125 0.3290363390625 0.1418861859375 0.287989478125
0 0.359375 0.4917013484375 0.34121606875 0.4252391390625 0.3172210984375 0.42314262343750003 0.3153813953125 0.437312496875 0.359375 0.5996405359375 0.359375 0.4917013484375
0 1 0.403534721875 0.9786383578125001 0.40873187499999997 0.9773345828124999 0.41715237031249996 0.9652377453125001 0.41750929687499994 0.9644088828124999 0.43150379531249994 0.9233761999999999 0.45072033125 0.8682300421875 0.4650757234375 0.8416677609375001 0.5012502390625 0.8567350250000001 0.5594798453125 0.85495733125 0.5728814484375 0.9056012562500001 0.6058465984375 0.9822135765625 0.593030946875 1 0.596230778125 1 0.403534721875
0 0.359375 0.6296875 0.43230660312499997 0.6296875 0.40072852187499997 0.5397170265625 0.359375 0.5487970375 0.359375 0.6296875
0 0.6437283765625 0.0053778624999999995 0.7178320578124999 0.28138343125 0.7332493046874999 0.277824078125 0.7028768281250001 0.15330030625 0.6599415875 0.001634746875 0.6437283765625 0.0053778624999999995
0 0.7512705546875 0.6296875 0.795818440625 0.858086196875 0.824488853125 1 0.9373136125 1 0.872639953125 0.6296875 0.7512705546875 0.6296875
0 0.7166245421874999 0.6296875 0.7271659500000001 0.7506343203125 0.688273425 0.765053140625 0.7391293390625 1 0.8224346578125001 1 0.7467046906249999 0.6296875 0.7166245421874999 0.6296875
0 0.7379847609375 1 0.71142101875 0.879384134375 0.7007075765625 0.8646315765624999 0.6640075515625 0.8604116390625001 0.653040775 0.8656634046875 0.6612777875 0.9435450984375 0.674640578125 1 0.7379847609375 1
0 0.359375 0.688947309375 0.384964734375 0.798808840625 0.39783576875 0.8193958531250001 0.36601171250000003 0.674518659375 0.359375 0.66826320625 0.359375 0.688947309375
0 0.5069787265625 1 0.47075835 0.8750481562499999 0.49677851406249995 1 0.5069787265625 1
0 0.5251263875000001 1 0.4914971453125 0.8593870828125001 0.47424663124999994 0.870222809375 0.5100039125 1 0.5251263875000001 1
0 0.538234775 1 0.47855414375 0.7921648703125 0.525920759375 1 0.538234775 1
0 0.566847028125 1 0.5011797734375 0.7466077249999999 0.48950019375 0.769238621875 0.5460731953125 1 0.566847028125 1
0 0.5016110140625 0.6296875 0.5802415734374999 1 0.5955621875 1 0.501996740625 0.6296875 0.5016110140625 0.6296875
0 0.4758091078125 0.6296875 0.5526535453125 0.952187490625 0.50243008125 0.6296875 0.4758091078125 0.6296875
0 0.6320546234375 1 0.5934682109375 0.84677816875 0.5809903078125 0.8278998218750001 0.5645031250000001 0.7283504734374999 0.5538202796875 0.6891118656249999 0.52346185625 0.680707965625 0.5210946546875 0.7021069453125 0.5938380406249999 1 0.6320546234375 1
0 0.6735675546875 1 0.610056059375 0.7287133 0.6040158265625 0.7201348765625 0.5812393609375001 0.7199534640625 0.57238645 0.7238105765625 0.5695737750000001 0.7362461125 0.588746965625 0.8333620875 0.62963196875 1 0.6735675546875 1