0 0.44891945 0.09117647031250001 0.4567779953125 0.1088235296875 0.492141453125 0.1147058828125 0.51375245625 0.1 0.673870334375 0.13676470624999998 0.647347740625 0.11176470624999998 0.466601178125 0.0588235296875 0.2907662078125 0.0544117640625 0.2917485265625 0.0647058828125 0.315324165625 0.0705882359375 0.44891945 0.09117647031250001
0 0.6640471515625 0.2514705875 0.61591355625 0.23529411718749998 0.494106090625 0.24117647031249997 0.49115913593749994 0.280882353125 0.504911590625 0.2838235296875 0.53732809375 0.2647058828125 0.5491159140625 0.282352940625 0.582514734375 0.282352940625 0.58840864375 0.25588235312499996 0.6630648328125 0.26176470625000003 0.6640471515625 0.2514705875
0 0.7662082515625 0.2602941171875 0.7681728875 0.3014705875 0.750491159375 0.307352940625 0.750491159375 0.3720588234375 0.7652259328125 0.4088235296875 0.776031434375 0.40735294062499994 0.787819253125 0.38088235312499996 0.7917485265625 0.30441176406250003 0.7799607078124999 0.2985294125 0.7838899796875001 0.26617647031249997 0.7730844796875 0.25588235312499996 0.7662082515625 0.2602941171875
0 1 0.3544117640625 0.9312377203125 0.007352940625 0.9145383109375 0 0.9980353640624999 0.43382352968750004 0.9724950890624999 0.480882353125 0.968565815625 0.5338235296875 1 0.6573529406249999 1 0.5338235296875 0.9842829078124999 0.5014705875 1 0.469117646875 1 0.3544117640625
0 0.8742632609375001 0.5073529406249999 0.8752455796874999 0.44117647031249996 0.8683693515625001 0.4485294125 0.872298625 0.5897058828125 0.8506876234374999 0.630882353125 0.8487229859375001 0.7544117640625 0.88408644375 0.76323529375 0.9204322203125 0.7617647062499999 0.9253438109375001 0.7338235296875 0.91159135625 0.630882353125 0.88605108125 0.5661764703125 0.8791748531250001 0.4735294125 0.8742632609375001 0.5073529406249999
0 1 0.71323529375 0.9891944984375 0.7 0.9518664046875 0.7617647062499999 0.902750490625 0.8058823531250001 0.8939096265625001 0.825 0.8978389 0.8455882359375 0.92239685625 0.8823529406249999 0.93516699375 0.8838235296875 0.968565815625 0.825 0.9724950890624999 0.7897058828125 1 0.7838235296875 1 0.71323529375
0 0.724950884375 0.6661764703124999 0.722986246875 0.542647059375 0.710216109375 0.5411764703124999 0.70530451875 0.6514705875 0.648330059375 0.6661764703124999 0.64243615 0.8426470593750001 0.6552062875 0.86176470625 0.7544204328124999 0.8632352937500001 0.7907662078125 0.85 0.80746561875 0.825 0.789783890625 0.669117646875 0.777013753125 0.6529411765625001 0.729862475 0.655882353125 0.724950884375 0.6661764703124999
0 0.47053045156250006 0.7735294125000001 0.4872298625 0.7779411765625001 0.506876228125 0.7279411765625 0.5422396859374999 0.680882353125 0.517681728125 0.6352941171875 0.442043221875 0.7044117640625001 0.453831040625 0.7485294125 0.47053045156250006 0.7735294125000001
0 0.442043221875 0.5514705875 0.468565815625 0.5735294125 0.48821218125000004 0.5647058828125 0.5432220046875 0.6088235296875 0.569744596875 0.6161764703125 0.5471512765625001 0.5794117640625001 0.44891945 0.49705882343749996 0.389980353125 0.46764705937500006 0.35756385 0.4661764703125 0.4390962671875 0.5264705875 0.442043221875 0.5514705875
0 0.353634578125 0.36323529374999997 0.3555992140625 0.330882353125 0.33497052968749996 0.3264705875 0.3241650296875 0.4779411765625 0.332023575 0.5102941171875 0.339882121875 0.51323529375 0.353634578125 0.4779411765625 0.353634578125 0.39852941249999996 0.3379174859375 0.3720588234375 0.3497053046875 0.3720588234375 0.3487229859375 0.3529411765625 0.353634578125 0.36323529374999997
0 0.28192534375 0 0.25540275 0.0485294125 0.2593320234375 0.0838235296875 0.210216109375 0.3338235296875 0.198428290625 0.375 0.184675834375 0.3897058828125 0.20039292656250002 0.4044117640625 0.22003929218749999 0.36323529374999997 0.280943025 0.042647059375000004 0.2976424359375 0 0.28192534375 0
0 0.2829076625 0.3955882359375 0.288801571875 0.3838235296875 0.2730844796875 0.35147058750000004 0.2465618859375 0.23823529375 0.2416502953125 0.269117646875 0.263261296875 0.3720588234375 0.2829076625 0.3955882359375
0 0.198428290625 0.0514705875 0.2337917484375 0.207352940625 0.23772102187500002 0.180882353125 0.2161100203125 0.0779411765625 0.21807465625 0.0455882359375 0.1915520625 0.0029411765625 0.1699410609375 0 0.198428290625 0.0514705875
0 0.06286836875 0.13088235312500002 0.01375245625 0.2397058828125 0.007858546875 0.26617647031249997 0.021611001562500003 0.269117646875 0.0412573671875 0.24558823593749998 0.0609037328125 0.18676470625 0.0943025546875 0.125 0.09135559843749999 0.08823529375 0.09037328125 0.107352940625 0.06286836875 0.13088235312500002
0 0.2455795671875 0.569117646875 0.2986247546875 0.719117646875 0.2917485265625 0.7382352937500001 0.277013753125 0.725 0.2210216109375 0.555882353125 0.229862475 0.6220588234375 0.2730844796875 0.7485294125 0.2730844796875 0.7691176468750001 0.29273084531250004 0.8014705875000001 0.35854616875 1 0.3634577609375 0.980882353125 0.3064833 0.8044117640625 0.32023575625 0.78676470625 0.379174853125 0.9691176468749999 0.37131630625 0.9985294124999999 0.3948919453125 0.9985294124999999 0.390962671875 0.9514705875 0.326129665625 0.7602941171875 0.326129665625 0.7308823531249999 0.3104125734375 0.71323529375 0.2406679765625 0.5147058828125 0.2455795671875 0.569117646875
0 0.071709234375 0.8 0.053045185937499996 0.830882353125 0.0559921421875 0.8441176468749999 0.07563850625 0.832352940625 0.09037328125 0.8455882359375 0.12671905625 0.8147058828124999 0.16699410625 0.8191176468749999 0.16699410625 0.792647059375 0.148330059375 0.744117646875 0.134577603125 0.744117646875 0.071709234375 0.8
0 0.096267190625 0.7044117640625001 0.097249509375 0.7147058828125 0.11394891874999999 0.71323529375 0.1827111984375 0.6955882359375 0.096267190625 0.7044117640625001
0 0.198428290625 0.4779411765625 0.2043222 0.47205882343749994 0.199410609375 0.455882353125 0.0923379171875 0.4602941171875 0.0923379171875 0.47205882343749994 0.10314341875 0.4794117640625 0.198428290625 0.4779411765625
0 0.3064833 0.480882353125 0.3084479375 0.46323529375000005 0.2937131625 0.4588235296875 0.2151277015625 0.455882353125 0.210216109375 0.469117646875 0.2151277015625 0.48235294062499995 0.3064833 0.480882353125
0 0.60117878125 0.792647059375 0.6188605109374999 0.807352940625 0.6326129671875 0.44264705937500004 0.627701375 0.42941176406250003 0.6051080546875001 0.43676470624999997 0.595284871875 0.6838235296875 0.595284871875 0.7691176468750001 0.60117878125 0.792647059375