0 0.35263286250000003 0.0310208265625 0.32292374218750003 0.039724965625000004 0.3070256734375 0.0529250828125 0.310807034375 0.0669872125 0.326917809375 0.07714252187500001 0.373484884375 0.0680650859375 0.3687436359375 0.041176135937500004 0.35263286250000003 0.0310208265625
0 0.3446084390625 0.3841961625 0.31519564375 0.3945808609375 0.295432590625 0.41539372031250005 0.326314303125 0.4428718296875 0.348744309375 0.43718400468749996 0.3803150203125 0.41688835312499994 0.3742339359375 0.397166890625 0.3446084390625 0.3841961625
0 0.1074719765625 0.51875 0.1274075390625 0.510867846875 0.1345448515625 0.492281246875 0.187122109375 0.49514012812499997 0.21683123124999998 0.48643598906249996 0.23859767812500002 0.4696019015625 0.21795836249999997 0.45591307187499996 0.20787049062500002 0.42823406718749996 0.186709421875 0.41896925781250005 0.16398308749999999 0.422976525 0.1552223328125 0.41759004375000003 0.07708454375 0.44696313125 0.0836873828125 0.46226056875 0.0686073953125 0.472717221875 0.0785534625 0.48482594062500006 0.11056230625 0.4817811328125 0.10647189531250001 0.4954984578125 0.0838164640625 0.5072908640625 0.092328078125 0.51875 0.1074719765625 0.51875
0 0.1555441015625 0.360350578125 0.13875705 0.3685090203125 0.124044290625 0.3884313734375 0.127232996875 0.3991323828125 0.150919215625 0.40795193906250005 0.17609979375 0.3957142796875 0.1654192671875 0.36467415625 0.1555441015625 0.360350578125
0 1 0.074709903125 0.9984533390625 0.075125078125 0.875015425 0.14910216406250001 0.61875 0.28165605625 0.61875 0.3364342734375 0.6522141218749999 0.3639272203125 0.7692531796875001 0.41620635000000006 0.8016369437499999 0.41409702187499997 0.8289102828124999 0.3984855859375 0.832665515625 0.388821428125 0.8819199953125001 0.4359489890625 0.9484112 0.42602519843750003 0.9848593187500001 0.45470624531250003 1 0.45659438281250003 1 0.074709903125
0 0.61875 0.51875 0.575996478125 0.51875 0.43844679218750005 0.637364534375 0.42875673281250004 0.65191188125 0.172842628125 0.868608525 0.10621807812499999 0.91770525625 0.0470825078125 0.9794873609374999 0.0233315515625 1 0.1271389484375 1 0.1420634515625 0.9919185828125 0.2103887109375 0.9226803015625 0.27117025156249996 0.8751974312499999 0.27466732031249996 0.8652435468749999 0.3350004625 0.81025321875 0.3430937578125 0.7866501703125 0.375056690625 0.769342671875 0.37880532499999997 0.7459221234375001 0.4057728390625 0.7399998671875 0.41591129843749997 0.7329599765625 0.4199087375 0.715914921875 0.43309309999999995 0.7112558484375 0.42755086875000003 0.7046465734374999 0.41791278125 0.7045952921875 0.4162668078125 0.6902960578125 0.44023762499999997 0.6872365140625 0.44952573124999995 0.6902673984375001 0.45322239375000006 0.681445478125 0.460763346875 0.6795322265625 0.4625132609375 0.66463420625 0.4877828328125 0.659011340625 0.5037150890625 0.6451140640624999 0.5075621406249999 0.6321805765625 0.5175502125 0.629252253125 0.552012234375 0.59633105625 0.5679936999999999 0.58767730625 0.594165596875 0.557385040625 0.61875 0.53866948125 0.61875 0.51875
0 0.129592871875 0.8914076640624999 0.144425971875 0.8812056687500001 0.14522711875 0.8658913640625 0.1607109765625 0.8444866296875 0.148828128125 0.826740225 0.1111781046875 0.801865703125 0.10304112968750001 0.7805409078125 0.071078196875 0.79784840625 0.0426095703125 0.825044175 0.0309235546875 0.8282718921875001 0.017288028125 0.8452656671875 0.016437675 0.8553364421874999 0.0250750203125 0.869570065625 0.0476951125 0.8836724671875 0.0808528546875 0.8929989031249999 0.10921753906250001 0.8950003859375 0.129592871875 0.8914076640624999
0 0.314042659375 0.51875 0.3131654703125 0.5374871015625 0.3359359515625 0.5474779375 0.31600901718749996 0.5585781140625 0.2059378796875 0.6094998640625 0.19055519999999998 0.6215495015625 0.0652053265625 0.6553236375 0.0509710125 0.668921521875 0.07623781874999999 0.6831408156250001 0.0591079875 0.690246315625 0.0391290828125 0.7159451203125 0.045119714062499996 0.73006185 0.295122259375 0.64863063125 0.3172994796875 0.6155412640625 0.4139866578125 0.5681466234375 0.4329156140625 0.55138663125 0.441345378125 0.51875 0.314042659375 0.51875
0 0.8377051718749999 0.8621639546875001 0.8457509890624999 0.8607452609375 0.8446160328125 0.8543086093750001 0.8594774718749999 0.8491993453125 0.840830228125 0.851657759375 0.836476946875 0.8457885859375001 0.8695133875 0.8308378046874999 0.8312724499999999 0.835091921875 0.831270484375 0.8491954171874999 0.8247385984375001 0.8544951484375 0.81678801875 0.8517490656250001 0.8272009421875 0.8449354046875 0.8247405624999999 0.8403916546874999 0.81357165625 0.83821305 0.8201968140625 0.842852034375 0.8121490343750001 0.8583742234375 0.8023055515624999 0.854302715625 0.8095001500000001 0.8480565328124999 0.8058095812499999 0.8412409078125 0.7974800265625 0.8410504375000001 0.7956803953125 0.8496637328125001 0.8052381750000001 0.8662295703125 0.8220877515625 0.858280953125 0.8296593578125 0.8635826484375 0.83817938125 0.855443565625 0.8377051718749999 0.8621639546875001
0 0.806031478125 0.6072554546875 0.8255299375 0.6096245265625 0.8119939203125 0.6128408890625 0.8024322140625 0.6244820390625 0.8979403078124999 0.6109597734375 0.906839303125 0.6002650734375 0.8816621375 0.593919728125 0.837647259375 0.59836235 0.806031478125 0.6072554546875
0 0.9846387484375001 0.646277909375 0.93750470625 0.618916246875 0.8963272171875 0.6394505 0.85505645625 0.6500460359375 0.8428439000000001 0.6654729890625 0.827036009375 0.669919540625 0.8381096812500001 0.676262921875 0.8504155078125001 0.6707746859375 0.9009603078125 0.675135825 0.9709122640625001 0.657823825 0.9846387484375001 0.646277909375
0 0.95621575625 0.8379489546875 0.9266833453124999 0.8398379281249999 0.9063317046874999 0.8467448578125 0.9074666593749999 0.8531815093749999 0.800220215625 0.875410340625 0.779301096875 0.8790989453125 0.759897871875 0.8725650937499999 0.730552 0.8943315000000001 0.7534572921875 0.9019070375 0.8019226500000001 0.88506531875 0.9581047296874999 0.867481365625 0.9739145859375 0.8489313203125001 0.95621575625 0.8379489546875
0 0.61875 1 0.6514599375000001 1 0.6671201453125 0.9909647296875 0.6675010828125 0.9743056218749999 0.6549134828125001 0.9640812015625 0.6382543734375 0.9637002656250001 0.61875 0.9788068156249998 0.61875 1
0 1 0.51875 0.94013263125 0.51875 0.9006962125 0.5324917234375001 0.8950155421874999 0.5426189453125 0.905237996875 0.5441348390625 0.896339003125 0.5548295375000001 0.8874419703124999 0.5514207421874999 0.8899023500000001 0.5559644921875 0.8743781984375 0.5620202062499999 0.82288498125 0.57109985 0.811430371875 0.5814155765625 0.840581846875 0.5961857109375 0.8839359765625 0.5785860453125 0.9872061484374999 0.562035921875 0.9998909484375 0.5539920703125001 1 0.5537528734375 1 0.51875