0 0.341015625 0.34375 0.323046875 0.3447916671875 0.31328125 0.3546875 0.3140625 0.3713541671875 0.31953125 0.3776041671875 0.32421875 0.3932291671875 0.32109375 0.40260416718750003 0.32578125 0.40260416718750003 0.337890625 0.39895833281250004 0.3421875 0.3932291671875 0.3421875 0.3786458328125 0.346875 0.3703125 0.3484375 0.3557291671875 0.341015625 0.34375
0 0.06328125 0.4578125 0.06328125 0.4661458328125 0.068359375 0.478125 0.084375 0.4838541671875 0.103515625 0.4760416671875 0.1078125 0.46197916718750004 0.09921875 0.44114583281249997 0.087109375 0.434375 0.072265625 0.43958333281249995 0.06328125 0.4578125
0 1 0.3380208328125 0.98671875 0.3369791671875 0.9890625 0.3057291671875 0.973046875 0.3010416671875 0.959765625 0.303125 0.959375 0.3296875 0.98125 0.3463541671875 0.97890625 0.3734375 0.989453125 0.3916666671875 1 0.3932291671875 1 0.3380208328125
0 1 0.49322916718750004 0.966796875 0.4895833328125 0.948828125 0.496875 0.94453125 0.5026041671875 0.94453125 0.5192708328125 0.95078125 0.5328125 0.956640625 0.5416666671875 0.978125 0.5536458328125 0.985546875 0.5479166671875 0.993359375 0.5333333328125 1 0.5307291671875001 1 0.49322916718750004
0 0.749609375 0.9302083328125 0.745703125 0.9385416671875 0.7390625 0.9421875 0.74140625 0.9463541671875 0.735546875 0.959375 0.72109375 0.9640625 0.722265625 0.9916666671875 0.737109375 0.9989583328125 0.77109375 0.9984375 0.78671875 0.9890625 0.7890625 0.9838541671875 0.7875 0.9651041671874999 0.762890625 0.9395833328125001 0.753515625 0.940625 0.749609375 0.9302083328125
0 0.018359375 0.625 0 0.6286458328125 0.00078125 0.7901041671875 0.01484375 0.7536458328125 0.01484375 0.7046875 0.028125 0.6911458328125 0.03203125 0.6484375 0.028125 0.6348958328125 0.018359375 0.625
0 0.32109375 0.7317708328125 0.3203125 0.7151041671875 0.32890625 0.6942708328125 0.34140625 0.6828125 0.3421875 0.6682291671875 0.330078125 0.6666666671875 0.325390625 0.6479166671875001 0.313671875 0.6458333328125 0.298046875 0.6510416671875 0.280078125 0.6770833328125 0.276953125 0.6697916671875 0.266015625 0.66875 0.26171875 0.6796875 0.263671875 0.6864583328125 0.279296875 0.6864583328125 0.290234375 0.70625 0.305859375 0.71875 0.3109375 0.7171875 0.3109375 0.7463541671875 0.306640625 0.7416666671875001 0.3046875 0.7473958328125 0.311328125 0.7489583328125 0.31328125 0.7536458328125 0.31015625 0.7744791671875 0.313671875 0.7791666671875 0.322265625 0.7760416671875 0.32578125 0.7786458328125 0.328515625 0.771875 0.3359375 0.7692708328125 0.33671875 0.7619791671875 0.3328125 0.7432291671875 0.326171875 0.7322916671875 0.32109375 0.7317708328125
0 0.73359375 0.1671875 0.730078125 0.184375 0.733203125 0.18125 0.749609375 0.1916666671875 0.764453125 0.1895833328125 0.77421875 0.1828125 0.77578125 0.17135416718750002 0.765625 0.1463541671875 0.7671875 0.1244791671875 0.764453125 0.1177083328125 0.751171875 0.1135416671875 0.729296875 0.1177083328125 0.711328125 0.1291666671875 0.705078125 0.14895833281249998 0.687890625 0.1510416671875 0.67734375 0.1619791671875 0.6765625 0.1838541671875 0.68671875 0.2036458328125 0.703125 0.2078125 0.711328125 0.2052083328125 0.71640625 0.1953125 0.71875 0.1817708328125 0.71328125 0.1682291671875 0.721484375 0.1572916671875 0.73359375 0.1671875
0 0.296484375 0 0.285546875 0.0166666671875 0.266796875 0.021875 0.2609375 0.0369791671875 0.26640625 0.07552083281250001 0.28359375 0.0838541671875 0.278125 0.0994791671875 0.28203125 0.1119791671875 0.298828125 0.1260416671875 0.3078125 0.12552083281249998 0.31796875 0.1119791671875 0.32265625 0.09114583281250001 0.32109375 0.0817708328125 0.3109375 0.0682291671875 0.3109375 0.061979167187499996 0.34140625 0.0307291671875 0.3484375 0.0109375 0.341796875 0 0.296484375 0
0 0.71875 0.0328125 0.687109375 0.0208333328125 0.669140625 0.0302083328125 0.658984375 0.03125 0.6546875 0.0265625 0.65625 0.0057291671875 0.648828125 0.0020833328125000002 0.608984375 0.0020833328125000002 0.596875 0.0161458328125 0.59921875 0.0317708328125 0.608203125 0.0385416671875 0.61328125 0.0494791671875 0.6265625 0.06302083281250001 0.629296875 0.0791666671875 0.648828125 0.08645833281250001 0.66796875 0.0880208328125 0.678515625 0.07291666718749999 0.689453125 0.065625 0.700390625 0.06979166718749999 0.716796875 0.058333332812500006 0.7203125 0.0463541671875 0.71875 0.0328125
0 0.184375 0.1703125 0.199609375 0.1572916671875 0.20390625 0.1463541671875 0.210546875 0.1416666671875 0.219921875 0.1260416671875 0.229296875 0.12291666718750001 0.2328125 0.1171875 0.23515625 0.0828125 0.23203125 0.06302083281250001 0.225390625 0.05208333281250001 0.220703125 0.05208333281250001 0.197265625 0.0645833328125 0.192578125 0.07083333281250001 0.187109375 0.07083333281250001 0.18671875 0.0411458328125 0.2 0.0265625 0.2046875 0.0057291671875 0.200390625 0.0010416671875 0.166015625 0.0041666671875 0.16328125 0.0109375 0.1703125 0.0192708328125 0.171875 0.0328125 0.167578125 0.0385416671875 0.157421875 0.0416666671875 0.1484375 0.052604167187499995 0.146875 0.05989583281250001 0.157421875 0.084375 0.16953125 0.0859375 0.17109375 0.1067708328125 0.161328125 0.12395833281249999 0.14921875 0.1348958328125 0.14921875 0.1630208328125 0.1546875 0.1682291671875 0.160546875 0.1833333328125 0.16953125 0.1890625 0.171875 0.2130208328125 0.177734375 0.225 0.201171875 0.225 0.2125 0.2421875 0.21796875 0.2328125 0.21640625 0.2140625 0.201953125 0.209375 0.19375 0.1942708328125 0.18671875 0.1890625 0.184375 0.1703125
0 0.17109375 0.5651041671875 0.1671875 0.5598958328125 0.16640625 0.5442708328125 0.16015625 0.5390625 0.153515625 0.525 0.141796875 0.5260416671875 0.13203125 0.5463541671875001 0.1265625 0.5765625 0.12578125 0.6192708328125 0.122265625 0.6354166671875 0.10078125 0.6328125 0.09765625 0.5973958328125 0.09375 0.5838541671875 0.087890625 0.5770833328125 0.079296875 0.578125 0.070703125 0.5854166671875001 0.0484375 0.6151041671875 0.0453125 0.6276041671875 0.046875 0.6348958328125 0.058984375 0.6302083328125 0.0625 0.6411458328124999 0.0671875 0.6442708328125 0.064453125 0.6645833328124999 0.068359375 0.665625 0.07109375 0.6598958328125 0.06796875 0.6463541671875 0.075390625 0.6458333328125 0.078125 0.6640625 0.091015625 0.665625 0.10078125 0.6859375 0.110546875 0.6958333328124999 0.118359375 0.6979166671875 0.132421875 0.6895833328125 0.144140625 0.6895833328125 0.16484375 0.6973958328125 0.1671875 0.6859375 0.17578125 0.6713541671875001 0.1671875 0.6484375 0.17109375 0.6182291671875 0.1671875 0.5890625 0.17109375 0.5651041671875
0 0.644140625 0.8770833328125001 0.6390625 0.8630208328125001 0.64296875 0.8463541671874999 0.65703125 0.8161458328125001 0.6515625 0.8109375 0.65 0.7953125 0.631640625 0.7833333328125 0.612109375 0.7916666671875 0.603515625 0.790625 0.60390625 0.7848958328125 0.580078125 0.7552083328125 0.549609375 0.746875 0.549609375 0.8364583328125 0.553515625 0.8333333328125001 0.561328125 0.8354166671875 0.565234375 0.8229166671874999 0.576171875 0.81875 0.593359375 0.83125 0.608203125 0.815625 0.62890625 0.8328125 0.62578125 0.8526041671875 0.613671875 0.8583333328125 0.608203125 0.8666666671875 0.600390625 0.8677083328125 0.591796875 0.859375 0.576171875 0.8760416671875 0.55625 0.8796875 0.560546875 0.8802083328125001 0.565625 0.8942708328125001 0.5734375 0.9026041671874999 0.580859375 0.9302083328125 0.596484375 0.9416666671874999 0.602734375 0.9364583328125 0.622265625 0.940625 0.628515625 0.95 0.639453125 0.953125 0.64453125 0.9588541671874999 0.65546875 0.9494791671874999 0.65859375 0.9286458328125 0.66328125 0.9213541671875 0.65703125 0.8963541671874999 0.65625 0.8786458328125001 0.644140625 0.8770833328125001
0 0.322265625 0.5635416671875 0.328125 0.5630208328124999 0.32734375 0.5484375 0.33671875 0.5182291671875 0.345703125 0.4635416671875 0.351953125 0.471875 0.361328125 0.475 0.373046875 0.46666666718750005 0.376953125 0.46875 0.412890625 0.44166666718750003 0.440234375 0.43645833281249996 0.4421875 0.4192708328125 0.4390625 0.41614583281249995 0.43671875 0.3880208328125 0.425390625 0.3791666671875 0.409765625 0.38229166718749996 0.40546875 0.3578125 0.401171875 0.353125 0.388671875 0.35104166718749996 0.377734375 0.3552083328125 0.37734375 0.3703125 0.3890625 0.3932291671875 0.380859375 0.4010416671875 0.362109375 0.40833333281249995 0.3546875 0.4192708328125 0.35 0.4505208328125 0.345703125 0.45104166718750005 0.341796875 0.440625 0.329296875 0.43958333281249995 0.32421875 0.4348958328125 0.3265625 0.4296875 0.325 0.4171875 0.316796875 0.40520833281249996 0.303515625 0.4010416671875 0.294140625 0.3864583328125 0.282421875 0.3864583328125 0.27265625 0.4015625 0.271875 0.4140625 0.2671875 0.41822916718750003 0.25859375 0.4546875 0.265625 0.47552083281249996 0.278515625 0.48020833281249997 0.2796875 0.4890625 0.275 0.4921875 0.276171875 0.49791666718750005 0.26875 0.5026041671875 0.26484375 0.5192708328125 0.25078125 0.5390625 0.262890625 0.546875 0.266796875 0.5604166671875 0.284375 0.5661458328125 0.301953125 0.5583333328125 0.309765625 0.5604166671875 0.313671875 0.5479166671875 0.31953125 0.5494791671875 0.31953125 0.5598958328125 0.322265625 0.5635416671875
0 0.494140625 0 0.462890625 0.0041666671875 0.44921875 0.0161458328125 0.4484375 0.0276041671875 0.440625 0.0421875 0.4390625 0.058854167187499994 0.43203125 0.0734375 0.4296875 0.09635416718749999 0.43671875 0.1057291671875 0.433984375 0.11041666718750001 0.412890625 0.1208333328125 0.396484375 0.1208333328125 0.38828125 0.1109375 0.3890625 0.0828125 0.384765625 0.0822916671875 0.369140625 0.0958333328125 0.343359375 0.09895833281250001 0.33671875 0.1098958328125 0.3421875 0.11822916718750001 0.33984375 0.1307291671875 0.321875 0.14010416718750002 0.337109375 0.1520833328125 0.341015625 0.146875 0.354296875 0.1447916671875 0.373046875 0.15 0.378515625 0.15625 0.408203125 0.16875 0.435546875 0.1708333328125 0.440234375 0.18125 0.44921875 0.1859375 0.471484375 0.184375 0.47890625 0.1796875 0.48203125 0.1598958328125 0.478515625 0.153125 0.4703125 0.1484375 0.4703125 0.1348958328125 0.494140625 0.12291666718750001 0.506640625 0.103125 0.516796875 0.09375 0.530078125 0.0927083328125 0.5328125 0.0890625 0.53515625 0.06302083281250001 0.53203125 0.0401041671875 0.536328125 0.0333333328125 0.545703125 0.0302083328125 0.560546875 0.0166666671875 0.56328125 0.0057291671875 0.561328125 0.003125 0.533984375 0.0052083328125 0.523046875 0 0.494140625 0
0 0.265625 0.8786458328125001 0.27734375 0.8661458328125 0.2796875 0.8588541671875 0.28671875 0.8161458328125001 0.28203125 0.8098958328125001 0.28046875 0.7953125 0.2703125 0.7901041671875 0.27421875 0.7744791671875 0.265625 0.7692708328125 0.26796875 0.7588541671875 0.273046875 0.75625 0.275390625 0.7489583328125 0.27890625 0.7536458328125 0.28125 0.7328125 0.267578125 0.73125 0.26484375 0.7276041671875 0.26171875 0.7130208328125 0.25234375 0.6963541671875 0.24609375 0.6703125 0.232421875 0.6489583328124999 0.224609375 0.6520833328125 0.21328125 0.6682291671875 0.21328125 0.6838541671875 0.220703125 0.7072916671875 0.214453125 0.7104166671875001 0.199609375 0.7083333328125 0.192578125 0.7010416671875 0.188671875 0.703125 0.185546875 0.7 0.176953125 0.7 0.169921875 0.7072916671875 0.16484375 0.7067708328125 0.1625 0.7276041671875 0.1546875 0.7401041671875 0.14765625 0.7713541671875 0.14296875 0.7744791671875 0.14921875 0.7796875 0.15 0.7848958328125 0.142578125 0.784375 0.143359375 0.790625 0.138671875 0.7708333328125 0.122265625 0.7697916671875 0.109375 0.7744791671875 0.106640625 0.7916666671875 0.05078125 0.7953125 0.0625 0.8057291671875 0.06171875 0.8296875 0.0546875 0.8505208328125 0.0625 0.8942708328125001 0.076953125 0.90625 0.101953125 0.896875 0.110546875 0.8989583328125 0.122265625 0.8916666671875 0.126171875 0.9041666671874999 0.130078125 0.8927083328125001 0.132421875 0.896875 0.137890625 0.896875 0.141796875 0.8854166671874999 0.146875 0.8942708328125001 0.1453125 0.8994791671875 0.153515625 0.9010416671874999 0.16015625 0.8901041671875 0.16015625 0.8796875 0.15546875 0.8734375 0.157421875 0.8552083328125001 0.169140625 0.8520833328125 0.173046875 0.8447916671875 0.183984375 0.853125 0.191796875 0.8385416671874999 0.200390625 0.8479166671874999 0.202734375 0.84375 0.208984375 0.8458333328125001 0.219140625 0.8364583328125 0.229296875 0.8364583328125 0.23671875 0.8786458328125001 0.239453125 0.8822916671875 0.243359375 0.8770833328125001 0.2484375 0.8786458328125001 0.24765625 0.8880208328125001 0.2421875 0.8880208328125001 0.24609375 0.8942708328125001 0.236328125 0.9 0.228125 0.9140625 0.23046875 0.9369791671875 0.235546875 0.94375 0.246484375 0.946875 0.251171875 0.9541666671875 0.2609375 0.9546875 0.27265625 0.9463541671875 0.27734375 0.9307291671875 0.278125 0.9213541671875 0.27265625 0.9005208328125001 0.26328125 0.8942708328125001 0.265625 0.8786458328125001
0 0.470703125 0.9541666671875 0.482421875 0.9541666671875 0.49140625 0.9442708328125 0.5015625 0.9265625 0.50234375 0.9098958328125001 0.515625 0.8901041671875 0.51484375 0.8536458328125001 0.51015625 0.8526041671875 0.505859375 0.8375 0.501953125 0.8385416671874999 0.501171875 0.834375 0.49453125 0.8317708328125001 0.500390625 0.8302083328125001 0.501953125 0.8333333328125001 0.5078125 0.8171875 0.50390625 0.8109375 0.50390625 0.7848958328125 0.498828125 0.7802083328125 0.487890625 0.7802083328125 0.483203125 0.771875 0.466015625 0.7697916671875 0.47109375 0.7640625 0.46953125 0.7536458328125 0.455078125 0.7510416671875 0.45390625 0.7692708328125 0.449609375 0.7822916671875 0.439453125 0.7833333328125 0.436328125 0.7708333328125 0.419140625 0.7697916671875 0.41484375 0.7744791671875 0.4203125 0.7786458328125 0.419921875 0.7822916671875 0.408984375 0.7833333328125 0.407421875 0.790625 0.393359375 0.790625 0.3921875 0.7526041671875 0.418359375 0.753125 0.419921875 0.75625 0.4234375 0.7484375 0.4234375 0.7338541671875001 0.428125 0.7328125 0.4234375 0.7307291671875 0.4234375 0.7140625 0.431640625 0.709375 0.453515625 0.7072916671875 0.45546875 0.6911458328125 0.459375 0.6901041671875 0.472265625 0.6572916671875 0.478515625 0.665625 0.49921875 0.6703125 0.51640625 0.7098958328125 0.5171875 0.7244791671875 0.521875 0.7276041671875 0.51875 0.7317708328125 0.524609375 0.7333333328125 0.5296875 0.7255208328125 0.52734375 0.7161458328125 0.53125 0.7078125 0.544921875 0.6958333328124999 0.55234375 0.6807291671875 0.5546875 0.6494791671875 0.55 0.6442708328125 0.545703125 0.6270833328125 0.530078125 0.6239583328125 0.517578125 0.6135416671875 0.501953125 0.6177083328124999 0.498046875 0.6104166671875 0.483984375 0.6052083328125 0.455078125 0.60625 0.435546875 0.6020833328124999 0.4375 0.5911458328125 0.4484375 0.5744791671875 0.45078125 0.5546875 0.446875 0.5432291671875 0.42734375 0.5057291671875 0.417578125 0.49583333281249997 0.406640625 0.4895833328125 0.384765625 0.4895833328125 0.378125 0.5015625 0.38125 0.5078125 0.36484375 0.5171875 0.366796875 0.521875 0.373046875 0.5177083328125 0.37734375 0.5223958328125 0.37578125 0.5380208328125 0.38125 0.5494791671875 0.374609375 0.5614583328125 0.36484375 0.5671875 0.3625 0.5776041671875001 0.36640625 0.6005208328125 0.3734375 0.6088541671875001 0.3765625 0.6223958328125 0.3828125 0.6234375 0.38125 0.6557291671875001 0.37421875 0.6786458328125 0.375 0.6953125 0.38125 0.7067708328125 0.38125 0.7182291671875001 0.3765625 0.7296875 0.37421875 0.7692708328125 0.362890625 0.7739583328124999 0.3578125 0.7880208328125 0.345703125 0.7947916671875 0.34296875 0.8015625 0.33984375 0.8192708328125 0.34453125 0.8734375 0.3578125 0.8796875 0.359375 0.8890625 0.365625 0.8942708328125001 0.369140625 0.9166666671874999 0.386328125 0.9166666671874999 0.396875 0.9265625 0.39765625 0.9380208328125 0.39453125 0.9432291671874999 0.3984375 0.9578125 0.40703125 0.9619791671875 0.408203125 0.9770833328125 0.428515625 0.9791666671874999 0.437890625 0.9614583328125 0.444140625 0.9604166671875 0.446875 0.9619791671875 0.44609375 0.9786458328125001 0.4515625 0.9796875 0.4609375 0.9734375 0.4625 0.9567708328125001 0.46015625 0.9484375 0.462890625 0.94375 0.466796875 0.9447916671875 0.470703125 0.9541666671875
0 0 0.3734375 0.004296875 0.375 0.012890625 0.36875 0.016015625 0.3572916671875 0.027734375 0.35 0.035546875 0.35 0.04375 0.3578125 0.0453125 0.3651041671875 0.04765625 0.3869791671875 0.0453125 0.4036458328125 0.048046875 0.415625 0.063671875 0.41041666718750003 0.083203125 0.3916666671875 0.090234375 0.3958333328125 0.094140625 0.40625 0.126171875 0.43333333281249997 0.171484375 0.43854166718750004 0.173828125 0.446875 0.180859375 0.453125 0.184765625 0.45208333281249996 0.18984375 0.4609375 0.18515625 0.5359375 0.194921875 0.5416666671875 0.21015625 0.5411458328125 0.226171875 0.5354166671875 0.23046875 0.5296875 0.2328125 0.48072916718750003 0.216015625 0.46666666718750005 0.204296875 0.471875 0.2015625 0.45885416718750005 0.1953125 0.4557291671875 0.200390625 0.45208333281249996 0.208984375 0.45416666718750004 0.216015625 0.4625 0.21640625 0.42864583281249996 0.219921875 0.42291666718750004 0.233203125 0.41770833281249997 0.251953125 0.3916666671875 0.267578125 0.378125 0.280078125 0.3791666671875 0.2953125 0.3671875 0.296875 0.3557291671875 0.29375 0.3390625 0.28203125 0.3265625 0.27734375 0.3046875 0.2703125 0.2984375 0.271875 0.2932291671875 0.279296875 0.2864583328125 0.287109375 0.28854166718749996 0.29609375 0.3005208328125 0.298046875 0.309375 0.312109375 0.309375 0.32265625 0.2984375 0.3234375 0.2890625 0.3203125 0.28072916718749996 0.307421875 0.265625 0.296875 0.2619791671875 0.29609375 0.2401041671875 0.287890625 0.23020833281250003 0.278515625 0.22916666718749998 0.248046875 0.24479166718749998 0.227734375 0.24895833281250002 0.219921875 0.2552083328125 0.212109375 0.253125 0.200390625 0.2677083328125 0.178515625 0.26875 0.173046875 0.2677083328125 0.1640625 0.2536458328125 0.151953125 0.21979166718749998 0.141796875 0.2166666671875 0.122265625 0.2 0.113671875 0.2 0.094921875 0.21458333281250003 0.083984375 0.20729166718749997 0.058984375 0.20625 0.039453125 0.21875 0.028125 0.2421875 0 0.2755208328125 0 0.3734375
0 0.762109375 0.8333333328125001 0.76796875 0.8369791671875 0.76875 0.8432291671875 0.7734375 0.8453125 0.780859375 0.8604166671875 0.783984375 0.8552083328125001 0.79453125 0.8526041671875 0.79765625 0.8390625 0.79609375 0.8317708328125001 0.8046875 0.8161458328125001 0.8 0.8130208328125 0.7984375 0.8005208328125001 0.804296875 0.7895833328124999 0.815234375 0.7822916671875 0.823828125 0.7677083328125 0.82890625 0.7651041671875001 0.835546875 0.7479166671875 0.858984375 0.75 0.8625 0.7526041671875 0.863671875 0.7604166671875 0.87578125 0.7536458328125 0.88125 0.7348958328124999 0.87890625 0.6953125 0.890625 0.6817708328125 0.89453125 0.6546875 0.899609375 0.6447916671875 0.913671875 0.646875 0.921875 0.6588541671875 0.925 0.6859375 0.9296875 0.6911458328125 0.941796875 0.7270833328124999 0.949609375 0.7270833328124999 0.957421875 0.7177083328125 0.970703125 0.7135416671875 0.97890625 0.6963541671875 0.98515625 0.6776041671875 0.98203125 0.6484375 0.9734375 0.6380208328125 0.97109375 0.6255208328124999 0.95625 0.6140625 0.93515625 0.5557291671875 0.924609375 0.54375 0.90390625 0.5390625 0.9078125 0.5130208328125 0.9046875 0.4953125 0.89765625 0.4869791671875 0.88984375 0.46197916718750004 0.880078125 0.45625 0.873046875 0.43958333281249995 0.86328125 0.4348958328125 0.859375 0.4192708328125 0.85078125 0.41197916718750005 0.84453125 0.3932291671875 0.84609375 0.3838541671875 0.851171875 0.38229166718749996 0.85390625 0.3921875 0.862890625 0.4010416671875 0.898828125 0.40625 0.910546875 0.425 0.941796875 0.421875 0.9546875 0.4109375 0.959375 0.3973958328125 0.95625 0.3651041671875 0.944921875 0.353125 0.925390625 0.3458333328125 0.902734375 0.3239583328125 0.878515625 0.3239583328125 0.869140625 0.31979166718749996 0.85390625 0.3046875 0.85078125 0.2932291671875 0.874609375 0.28125 0.884375 0.2567708328125 0.884375 0.24635416718749997 0.8796875 0.2359375 0.88359375 0.2265625 0.884375 0.20989583281250002 0.873046875 0.2 0.859765625 0.203125 0.843359375 0.225 0.820703125 0.24479166718749998 0.794921875 0.2510416671875 0.783203125 0.2697916671875 0.752734375 0.271875 0.737890625 0.284375 0.730078125 0.2822916671875 0.710546875 0.3 0.689453125 0.3020833328125 0.678515625 0.3104166671875 0.67890625 0.28177083281250004 0.671875 0.23072916718749997 0.64921875 0.2036458328125 0.6453125 0.1942708328125 0.6453125 0.1828125 0.66640625 0.1421875 0.6640625 0.1307291671875 0.652734375 0.1208333328125 0.634765625 0.121875 0.616015625 0.1291666671875 0.588671875 0.1291666671875 0.57890625 0.1369791671875 0.57734375 0.1515625 0.580859375 0.1666666671875 0.591015625 0.171875 0.597265625 0.1833333328125 0.608203125 0.1875 0.62421875 0.2078125 0.62734375 0.2244791671875 0.6328125 0.23072916718749997 0.63359375 0.24635416718749997 0.63828125 0.2515625 0.64765625 0.3078125 0.65625 0.3140625 0.655859375 0.32083333281250004 0.628515625 0.31979166718749996 0.619140625 0.3114583328125 0.591015625 0.3 0.58515625 0.2723958328125 0.57734375 0.2578125 0.57890625 0.2171875 0.573828125 0.20833333281250002 0.565234375 0.203125 0.552734375 0.20208333281250002 0.542578125 0.20729166718749997 0.518359375 0.2364583328125 0.507421875 0.23020833281250003 0.487109375 0.22916666718749998 0.467578125 0.2104166671875 0.455078125 0.2125 0.439453125 0.20625 0.4390625 0.22552083281250002 0.45078125 0.2348958328125 0.45546875 0.2515625 0.4546875 0.2671875 0.46796875 0.2723958328125 0.469921875 0.290625 0.483984375 0.2927083328125 0.494921875 0.3 0.507421875 0.28125 0.518359375 0.27395833281250004 0.5328125 0.2723958328125 0.529296875 0.2979166671875 0.510546875 0.2979166671875 0.502734375 0.3010416671875 0.50078125 0.3057291671875 0.50546875 0.3317708328125 0.517578125 0.3489583328125 0.526171875 0.35208333281250004 0.532421875 0.3489583328125 0.548828125 0.3083333328125 0.560546875 0.30625 0.576171875 0.2947916671875 0.5796875 0.2994791671875 0.57890625 0.3098958328125 0.55546875 0.3390625 0.54609375 0.3619791671875 0.53359375 0.3713541671875 0.54609375 0.37447916718749996 0.544921875 0.40520833281249996 0.529296875 0.40416666718750005 0.522265625 0.39895833281250004 0.499609375 0.4 0.477734375 0.40625 0.4546875 0.4244791671875 0.4546875 0.46302083281249995 0.473046875 0.49375 0.498046875 0.5104166671875 0.520703125 0.5416666671875 0.532421875 0.540625 0.559765625 0.5229166671875001 0.573046875 0.51875 0.601171875 0.5208333328125 0.627734375 0.5333333328125 0.655859375 0.5177083328125 0.662890625 0.521875 0.674609375 0.5385416671875001 0.701953125 0.5385416671875001 0.714453125 0.55625 0.749609375 0.5552083328124999 0.753515625 0.5447916671875 0.760546875 0.5447916671875 0.765625 0.5515625 0.765625 0.5963541671875 0.7703125 0.6192708328125 0.780859375 0.625 0.792578125 0.640625 0.804296875 0.6489583328124999 0.816796875 0.6677083328125 0.83046875 0.6734375 0.83125 0.6942708328125 0.8359375 0.7005208328125 0.8375 0.7182291671875001 0.8359375 0.7265625 0.828515625 0.7322916671875 0.816015625 0.728125 0.792578125 0.6979166671875 0.773828125 0.6875 0.748828125 0.690625 0.7375 0.7109375 0.73828125 0.7265625 0.747265625 0.7322916671875 0.752734375 0.7427083328124999 0.775 0.7484375 0.771875 0.7536458328125 0.775 0.7578125 0.773046875 0.7697916671875 0.753515625 0.784375 0.737109375 0.7864583328125 0.7296875 0.7953125 0.728125 0.8098958328125001 0.7203125 0.8286458328125 0.7203125 0.8380208328125001 0.72734375 0.8421875 0.72890625 0.8546875 0.734375 0.8578125 0.73046875 0.8630208328125001 0.73046875 0.8734375 0.740625 0.8765625 0.74921875 0.8723958328125001 0.74921875 0.8640625 0.74453125 0.8630208328125001 0.74921875 0.8619791671874999 0.75234375 0.8463541671874999 0.762109375 0.8333333328125001