0 0.6307189546874999 0.04289215625 0.6421568625 0.1556372546875 0.6568627453125 0.1629901953125 0.6911764703125 0.160539215625 0.6830065359375 0.02573529375 0.6740196078125 0.0024509796875 0.6364379078125 0.0024509796875 0.6307189546874999 0.0061274515625 0.6307189546874999 0.04289215625
0 0.3063725484375 0.688725490625 0.24918300625 0.598039215625 0.18954248437500001 0.5208333328125 0.098856209375 0.3700980390625 0.06944444375 0.35539215625 0.0498366015625 0.3578431375 0.0588235296875 0.393382353125 0.2728758171875 0.7438725484375001 0.276143790625 0.8051470593750001 0.30228758125 0.8198529406249999 0.332516340625 0.8039215687500001 0.348039215625 0.7806372546875 0.3611111109375 0.7389705875 0.35620915000000003 0.7046568625 0.3390522875 0.688725490625 0.3063725484375 0.688725490625
0 1 0.018382353125 0.98120915 0.0245098046875 0.9125816999999999 0.0857843140625 0.8864379078125 0.12745097968750002 0.776960784375 0.2450980390625 0.7459150328125 0.2475490203125 0.723039215625 0.27450980468749997 0.7205882359375 0.2095588234375 0.706699346875 0.20833333281250002 0.703431371875 0.186274509375 0.669117646875 0.188725490625 0.6625816999999999 0.20833333281250002 0.6576797390625 0.188725490625 0.64460784375 0.188725490625 0.64379085 0.234068628125 0.6544117640625 0.23284313750000002 0.6560457515625 0.24019607812500002 0.6364379078125 0.23529411718749998 0.6119281046875 0.2549019609375 0.5890522875 0.2549019609375 0.5416666671875 0.24019607812500002 0.46650326875000003 0.23529411718749998 0.41258169999999994 0.2181372546875 0.329248365625 0.20833333281250002 0.09068627500000001 0.1495098046875 0 0.1458333328125 0.0008169937500000001 0.34068627500000004 0.1985294125 0.375 0.2557189546875 0.375 0.314542484375 0.3970588234375 0.46650326875000003 0.42892156875 0.4771241828125 0.4375 0.47467320312499994 0.44362745156249994 0.49918300625 0.44607843125 0.5024509796875 0.4705882359375 0.5310457515625 0.4693627453125 0.5408496734375 0.44485294062499997 0.545751634375 0.376225490625 0.5408496734375 0.3541666671875 0.5253267968750001 0.330882353125 0.47630718906249997 0.35539215625 0.275326796875 0.30882352968750004 0.21323529375 0.3063725484375 0.1723856203125 0.2916666671875 0.013888889062500001 0.2671568625 0.026143790625000003 0.2561274515625 0.01633986875 0.23651960781249998 0.021241829687499998 0.23161764687500003 0.0049019609375 0.214460784375 0.0065359484374999995 0.20220588281250002 0.0498366015625 0.2205882359375 0.17075163437500002 0.23529411718749998 0.42892156875 0.3014705875 0.5923202609375 0.328431371875 0.6135620921875 0.375 0.64460784375 0.38725490156250003 0.671568628125 0.3517156859375 0.6748366015625 0.2977941171875 0.696895425 0.30392156875 0.7181372546875 0.276960784375 0.705882353125 0.33210784375 0.7107843140625 0.3688725484375 0.73120915 0.3970588234375 0.760620915625 0.40196078437500005 0.7859477125 0.376225490625 0.8047385625000001 0.30882352968750004 0.9272875812500001 0.1911764703125 0.9436274515624999 0.1642156859375 1 0.1360294125 1 0.018382353125
0 0.3815359484375 0.5686274515624999 0.34640522812499996 0.49142156875 0.29983660156249997 0.419117646875 0.2720588234375 0.3897058828125 0.2442810453125 0.3799019609375 0.2434640515625 0.3958333328125 0.27777777812500004 0.481617646875 0.348039215625 0.61642156875 0.348039215625 0.6703431375 0.365196078125 0.69607843125 0.38725490156250003 0.7022058828125 0.420751634375 0.6813725484375001 0.436274509375 0.653186275 0.439542484375 0.623774509375 0.41258169999999994 0.60539215625 0.39950980468749997 0.5686274515624999 0.3815359484375 0.5686274515624999
0 0.4517973859375 0.4779411765625 0.43218954218750005 0.49264705937500003 0.3635620921875 0.40931372499999996 0.2810457515625 0.3958333328125 0.40359477187500004 0.552696078125 0.4142156859375 0.60539215625 0.42728758125 0.6176470593750001 0.44117647031249996 0.61642156875 0.47467320312499994 0.5857843140625 0.490196078125 0.552696078125 0.49346405156250006 0.518382353125 0.4828431375 0.490196078125 0.4681372546875 0.4779411765625 0.4517973859375 0.4779411765625
0 0.44607843125 0.33700980468749997 0.41748365937500004 0.2990196078125 0.3578431375 0.2904411765625 0.3897058828125 0.3333333328125 0.436274509375 0.3419117640625 0.44607843125 0.33700980468749997
0 0.348039215625 0.20465686249999998 0.34640522812499996 0.18995097968750002 0.223039215625 0.0024509796875 0.1830065359375 0.0036764703125 0.2140522875 0.0845588234375 0.29330065312500003 0.188725490625 0.348039215625 0.20465686249999998
0 0.5776143796875 0.534313725 0.5416666671875 0.4681372546875 0.5220588234375 0.4828431375 0.5040849671875 0.48039215625000004 0.4697712421875 0.436274509375 0.4517973859375 0.43382352968750004 0.454248365625 0.4546568625 0.491830065625 0.498774509375 0.49673202656250004 0.5232843140625 0.51797385625 0.5600490203125 0.4983660125 0.5747549015625 0.49673202656250004 0.6213235296875 0.5032679734375 0.6482843140625 0.526960784375 0.6838235296875 0.5555555562500001 0.6997549015625 0.5955882359375 0.6764705875 0.62418300625 0.6384803921875 0.633986928125 0.6017156859375 0.62581699375 0.5551470593750001 0.6102941171875 0.5392156859375 0.5776143796875 0.534313725
0 0.276143790625 0.305147059375 0.2540849671875 0.27450980468749997 0.20833333281250002 0.25245097968749997 0.17320261406249998 0.251225490625 0.19689542499999999 0.294117646875 0.2116013078125 0.30392156875 0.276143790625 0.305147059375
0 0.1290849671875 0.018382353125 0.171568628125 0.160539215625 0.2189542484375 0.1752450984375 0.223856209375 0.1629901953125 0.2173202609375 0.1286764703125 0.1764705875 0.0110294125 0.167483659375 0 0.1299019609375 0.0024509796875 0.1290849671875 0.018382353125
0 0 0.0477941171875 0.014705882812500001 0.07965686250000001 0.046568628125 0.12009803906250001 0.080882353125 0.14460784375 0.1486928109375 0.1629901953125 0.151960784375 0.1556372546875 0.1004901953125 0.080882353125 0.0302287578125 0.0049019609375 0 0.001225490625 0 0.0477941171875
0 0.60620915 0.177696078125 0.6094771234375 0.1311274515625 0.580065359375 0.0036764703125 0.5302287578125 0 0.527777778125 0.0134803921875 0.563725490625 0.1556372546875 0.60620915 0.177696078125
0 0.7140522875 0.4129901953125 0.7271241828125 0.40073529375000005 0.7091503265625 0.37132352968750004 0.704248365625 0.319852940625 0.6838235296875 0.30882352968750004 0.6756535953125 0.313725490625 0.6732026140625 0.34926470625 0.651143790625 0.38725490156250003 0.6380718953125 0.3921568625 0.6135620921875 0.37745097968749997 0.5923202609375 0.3333333328125 0.5400326796875 0.328431371875 0.5506535953125 0.37867647031249996 0.544117646875 0.43995097968749997 0.55228758125 0.484068628125 0.579248365625 0.526960784375 0.6135620921875 0.5392156859375 0.62581699375 0.552696078125 0.633986928125 0.5796568625 0.6274509796875 0.63357843125 0.6421568625 0.6360294125 0.65849673125 0.6188725484375001 0.6650326796875 0.5943627453125 0.651960784375 0.5477941171875 0.6568627453125 0.5208333328125 0.7271241828125 0.43014705937500003 0.7140522875 0.4129901953125
0 0.3897058828125 0 0.38725490156250003 0.00857843125 0.43464052343750004 0.09681372499999999 0.435457515625 0.11519607812499999 0.42892156875 0.1004901953125 0.365196078125 0.05392156875 0.28676470625 0.007352940625 0.2638888890625 0 0.23529411718749998 0.0061274515625 0.25081699375 0.044117646875 0.3080065359375 0.1004901953125 0.330882353125 0.10539215625000001 0.3619281046875 0.132352940625 0.4583333328125 0.1666666671875 0.4852941171875 0.22426470625 0.49754902031250003 0.23529411718749998 0.5498366015625 0.24019607812500002 0.5408496734375 0.2169117640625 0.544934640625 0.21323529375 0.5694444437499999 0.242647059375 0.6127450984375 0.251225490625 0.62418300625 0.23651960781249998 0.6266339875 0.19607843125 0.528594771875 0.13970588281250002 0.510620915625 0.14460784375 0.43218954218750005 0.0024509796875 0.3897058828125 0