0 0.635620915625 0.11887254843749999 0.6462418296875 0.1470588234375 0.6625816999999999 0.151960784375 0.6797385625000001 0.1752450984375 0.689542484375 0.2120098046875 0.686274509375 0.27818627500000004 0.6919934640625 0.2916666671875 0.7009803921875 0.2904411765625 0.6944444437499999 0.1629901953125 0.6748366015625 0.09926470625 0.6495098046875001 0.0563725484375 0.6470588234375 0.0845588234375 0.635620915625 0.09926470625 0.635620915625 0.11887254843749999
0 0.6928104578125 0.393382353125 0.6993464046875 0.373774509375 0.69607843125 0.3345588234375 0.687091503125 0.3235294125 0.66013071875 0.3688725484375 0.66013071875 0.3811274515625 0.6928104578125 0.393382353125
0 0.616013071875 0.3811274515625 0.616013071875 0.40073529375000005 0.6290849671875 0.40073529375000005 0.6372549015625 0.393382353125 0.6323529406249999 0.3541666671875 0.6184640515625001 0.3431372546875 0.60539215625 0.3455882359375 0.6013071890624999 0.356617646875 0.616013071875 0.3811274515625
0 0.6029411765625 0.40073529375000005 0.6004901953124999 0.3799019609375 0.580065359375 0.3884803921875 0.580065359375 0.4080882359375 0.59150326875 0.4129901953125 0.6029411765625 0.40073529375000005
0 0.3063725484375 0.3431372546875 0.2712418296875 0.33700980468749997 0.2728758171875 0.34926470625 0.28349673124999997 0.3578431375 0.3071895421875 0.3615196078125 0.3063725484375 0.3431372546875
0 0.295751634375 0.5575980390625 0.292483659375 0.572303921875 0.30392156875 0.58210784375 0.313725490625 0.572303921875 0.313725490625 0.5600490203125 0.3047385625 0.5392156859375 0.2900326796875 0.5318627453125 0.2875817 0.5502450984375 0.295751634375 0.5575980390625
0 0.2982026140625 0.509803921875 0.2973856203125 0.5232843140625 0.310457515625 0.5330882359375 0.31535947656249996 0.518382353125 0.2982026140625 0.509803921875
0 0.39297385625 0.776960784375 0.3954248359375 0.768382353125 0.3766339875 0.759803921875 0.3341503265625 0.794117646875 0.3243464046875 0.8161764703125 0.30964052343750004 0.8235294124999999 0.27859477187500004 0.8651960781250001 0.2655228765625 0.8578431375 0.25081699375 0.8970588234375001 0.2197712421875 0.91176470625 0.18545751562499999 0.965686275 0.167483659375 0.96323529375 0.15359477187499998 0.998774509375 0.19771241875 1 0.20098039218750002 0.9767156859374999 0.23284313750000002 0.9338235296875 0.2475490203125 0.9264705875000001 0.2671568625 0.8921568625 0.37173202656250004 0.7794117640625 0.39297385625 0.776960784375
0 0.5302287578125 0.8823529406249999 0.53349673125 0.8970588234375001 0.5473856203125 0.8958333328125001 0.5514705875 0.8676470593750001 0.5253267968750001 0.8676470593750001 0.5236928109375001 0.8504901953124999 0.5147058828125 0.8541666671874999 0.5130718953125 0.8688725484375001 0.5302287578125 0.8823529406249999
0 0.528594771875 0.8063725484375001 0.527777778125 0.8272058828125 0.5392156859375 0.8370098046875001 0.545751634375 0.8125 0.528594771875 0.8063725484375001
0 0.5024509796875 0.7916666671875 0.5 0.8051470593750001 0.5114379078125 0.8174019609375 0.5147058828125 0.8051470593750001 0.5024509796875 0.7916666671875
0 0.48120915000000003 0.811274509375 0.48039215625000004 0.8272058828125 0.491830065625 0.8345588234375001 0.49346405156250006 0.8174019609375 0.48120915000000003 0.811274509375
0 0.6388888890625 0.9424019609375 0.625 0.9313725484375001 0.6176470593750001 0.9399509796875 0.6192810453125001 0.9546568625 0.6323529406249999 0.9620098046875001 0.6388888890625 0.9424019609375
0 0.203431371875 0.296568628125 0.1993464046875 0.3125 0.20588235312499997 0.3345588234375 0.20915032656250002 0.30024509843749997 0.203431371875 0.296568628125
0 0.6029411765625 0.1654411765625 0.597222221875 0.1568627453125 0.581699346875 0.1654411765625 0.5874183000000001 0.1813725484375 0.598039215625 0.1825980390625 0.6029411765625 0.1654411765625
0 0.4787581703125 1 0.491830065625 0.984068628125 0.47303921562499995 0.9681372546875 0.4526143796875 0.981617646875 0.45669934687499997 1 0.4787581703125 1
0 0.01797385625 0.95710784375 0.0294117640625 0.9276960781250001 0.01879085 0.91176470625 0.007352940625 0.909313725 0.0016339875000000001 0.9154411765624999 0.0016339875000000001 0.9473039218749999 0.01797385625 0.95710784375