0 0.5890625 0.1649912984375 0.5072963328125 0.173000825 0.5121440421875 0.1912732421875 0.5317540609375 0.19524951875000002 0.5528669203125001 0.21902714687499997 0.4737380421875 0.2228468640625 0.46762230625 0.2094673828125 0.42598102187500003 0.20801323593749999 0.40488380625 0.2780432984375 0.40996111874999996 0.289740778125 0.42968593750000006 0.290429584375 0.43510243906249996 0.260995425 0.459325353125 0.258549828125 0.47605491874999994 0.28217438906250003 0.524156340625 0.28714560625 0.5301520625 0.272543328125 0.5238015093749999 0.23446955468750003 0.5743346109374999 0.2954808265625 0.5841344046875 0.2661997359375 0.5890625 0.264780996875 0.5890625 0.1649912984375
0 0 0.20235848281250002 0.055248353125 0.204941403125 0.058374048437500006 0.27252586875 0.06806425625 0.2778014765625 0.0812141359375 0.27826068125000003 0.0962060453125 0.2573895984375 0.0942387859375 0.21946889375 0.11846169843750001 0.2170232984375 0.1058910390625 0.231395975 0.1069346765625 0.2643472078125 0.1266647078125 0.29630524375 0.1681911921875 0.30104685937500003 0.203716740625 0.2891215234375 0.24236277187500002 0.313511425 0.31249024687500004 0.2846912828125 0.31790675 0.2552571203125 0.2951762484375 0.214965609375 0.32389725468749997 0.2093856109375 0.3273517125 0.1732999765625 0.32019755625 0.15823849375000001 0.279359878125 0.133772059375 0.265291590625 0.1596126140625 0.243030721875 0.168709684375 0.22883720625 0.13529924843750002 0.20149902343749998 0.1326988375 0.166667496875 0.156168584375 0.0942283578125 0.15693043281250002 0.027090921875 0.131545590625 0 0.134199321875 0 0.20235848281250002
0 0.826276 0 0.798225684375 0.6083234375 0.6721783859375 0.6296875 1 0.6296875 1 0.573744665625 0.8535607390625 0.5972043515625 0.8766871296875 0 0.826276 0
0 0.5890625 0.9462022765625001 0.5398450718750001 0.920073084375 0.490722471875 0.918357684375 0.46085578906249997 0.899446690625 0.4506023 0.877391740625 0.451938903125 0.86339925 0.3935444625 0.8600837828125 0.333368271875 0.8835081390624999 0.3306060375 0.914042584375 0.336044965625 0.92827168125 0.4027307609375 0.9369818375 0.3503105890625 0.956848175 0.3438923375 0.9706632093750001 0.3467529125 1 0.41848670937500004 1 0.4458825828125 0.9882639515625 0.45658005625 0.9733220640625 0.4764615015625 0.9867792156250002 0.5311108953125 0.9759247390624999 0.5890625 0.9978765671875 0.5890625 0.9462022765625001
0 0.048887323437500005 0.9195202015625 0.0687699328125 0.9572268609375 0.1492750421875 0.9830113390624999 0.16113222031250002 0.9834254015624999 0.1556042640625 0.9717457703125 0.1599725140625 0.9680694515624999 0.2489458734375 0.9699001812500001 0.2356595734375 0.91327955625 0.22050249531250002 0.8859482171874999 0.20989405312499998 0.8983406390625 0.17271766093750002 0.8944898359375 0.16442514218749998 0.8648456390625 0.1425815625 0.8347282265625001 0.1080783765625 0.8028924453125 0.088643240625 0.8009374656249999 0.08044207656249999 0.817242815625 0.066266646875 0.8103663609374999 0.04906305625 0.86592225625 0.048887323437500005 0.9195202015625
0 0.3429468671875 1 0.3219620546875 0.9915942781249999 0.1530177609375 0.9486822703125 0.14018125937499998 0.9763123390625001 0.16594678125 0.9912512546875 0.19629311875 1 0.3429468671875 1
0 0.348698759375 0.8087425187499999 0.396307859375 0.8537988453124999 0.4452524015625 0.8606131781249999 0.45149259375 0.8518970749999999 0.399514078125 0.7862675625 0.3866740890625 0.7411491109374999 0.3652768171875 0.722533875 0.356273228125 0.7375349140624999 0.3342515890625 0.7125164359375 0.329082075 0.739137953125 0.32257363125 0.731252946875 0.313034703125 0.7373012796875 0.31205537968749997 0.765345409375 0.31909916250000003 0.7821831234375 0.3375538125 0.787932725 0.348698759375 0.8087425187499999
0 0.28343743125 0.759240896875 0.25187802656249997 0.7645202578125 0.229232021875 0.7330985375 0.21924794531249997 0.7518942015625 0.2255794921875 0.7891276453125 0.31481994062499996 0.783309978125 0.313034703125 0.7373012796875 0.29261791718749997 0.71489141875 0.2749656921875 0.7104461265625 0.2710437515625 0.7256246203125001 0.28343743125 0.759240896875
0 0.49588850000000007 0.8189876484375 0.44248551562499994 0.7941495953125 0.44266241093750003 0.76480115625 0.4240273765625 0.715651475 0.400044765625 0.69822224375 0.39380341093750004 0.6826888390625 0.3777560390625 0.6808521640625 0.373923128125 0.6934811921875 0.38988263125 0.722116840625 0.384177778125 0.73978565 0.399514078125 0.7862675625 0.418058921875 0.813717203125 0.4591595796875 0.850888525 0.504537134375 0.8384339796875 0.49588850000000007 0.8189876484375
0 0.5890625 0.914127184375 0.554018178125 0.8784505265625 0.52237090625 0.910528859375 0.5890625 0.9461755953125 0.5890625 0.914127184375
0 0.3997753515625 0.6573716296875001 0.393535159375 0.66608773125 0.403343503125 0.7008900140625001 0.42687980156250005 0.7068170703125001 0.503643353125 0.7911801234375 0.5533012921875 0.8018482312499999 0.45638804374999997 0.6874269171874999 0.4390907734375 0.648534253125 0.42313243125 0.6441481125 0.41965679843750003 0.67082878125 0.3997753515625 0.6573716296875001
0 0.3373757546875 0.7930316562499999 0.2933348046875 0.7914937125 0.2794276234375 0.801218365625 0.2664107375 0.785448353125 0.2520572484375 0.78367083125 0.22522337499999998 0.7993255125000001 0.21461609531249998 0.8359674406250001 0.21675745000000002 0.8717782734374999 0.23530229375 0.8992279140624999 0.26062150625 0.90266465625 0.2870980984375 0.872958334375 0.3518217609375 0.8650082328125 0.3734849578125 0.8517255640625001 0.3373757546875 0.7930316562499999
0 0.21381483124999998 0.8589126390625001 0.21711124218750003 0.8130813937499999 0.205432121875 0.8075683984375001 0.17547873281249998 0.8397058843749999 0.16879455625 0.8854188234375 0.1761054265625 0.8946081390625 0.20811114062499997 0.900830953125 0.2197890984375 0.8820944421875 0.21381483124999998 0.8589126390625001
0 0.6044452312499999 1 0.5977165390625 0.9705810015624999 0.6035080953125 0.9018637140625 0.5980691671875 0.8876346171874999 0.5890625 0.8885480921875001 0.5890625 0.9105043171875 0.590508625 1 0.6044452312499999 1
0 0.63390430625 0.8084798828125 0.634349453125 0.7957325515625 0.6009169421875 0.7818021859375 0.5934291765624999 0.801961309375 0.5953924749999999 0.842871075 0.6043081984375 0.854669009375 0.63390430625 0.8084798828125
0 0.6800842859375 0.797329646875 0.6807965203124999 0.7769339171875 0.667245459375 0.7764607031249999 0.65850895625 0.78381334375 0.6621661375000001 0.8247822609375 0.6761635078125 0.8367576484375 0.6898036000000001 0.8346813953125001 0.6944389375 0.8233566765625 0.6800842859375 0.797329646875
0 0.6961316578125001 0.799166321875 0.7176167953125 0.7909825859375 0.7183290296875 0.770586853125 0.706649909375 0.7650738593749999 0.6943475828125 0.7774071296875 0.6961316578125001 0.799166321875