0 0 0.5 0.36875 0.5 0.36875 0.45045737656249996 0.358698046875 0.4485074671875 0.353420603125 0.4256483453125 0.3539891125 0.3939153546875 0.36353456875 0.3571001828125 0.35661290156250003 0.34665941875 0.3606472203125 0.33970864375 0.336223325 0.33406100781250003 0.321233015625 0.33752179375 0.3108099078125 0.3241272890625 0.3055324640625 0.3012681671875 0.3098560171875 0.298012728125 0.3143063703125 0.307519196875 0.30964800000000003 0.28978410781249997 0.3211368671875 0.28336958125 0.31919843281250004 0.27253076875 0.3042081234375 0.2759915546875 0.3107137578125 0.269975075 0.31095740312500003 0.25637522343749997 0.29093827656250004 0.242938865625 0.286487921875 0.2334324 0.2714114203125 0.2218646359375 0.263581446875 0.2026045 0.243643534375 0.184634859375 0.21414025468750003 0.125233059375 0.21339437968750002 0.10734712187499999 0.20717300156250001 0.0974971046875 0.199677846875 0.09922749843749999 0.19630320625 0.10903566406250001 0.165175615625 0.1402995515625 0.1590048 0.16730655625 0.1490433109375 0.187664484375 0.1403962046875 0.194175359375 0.10967469218749999 0.2027728234375 0.0776288390625 0.1860936765625 0.0789075921875 0.19407509843749998 0.0841800578125 0.19737238906250001 0.0781716734375 0.21531282499999999 0.083444140625 0.2186101140625 0.08732100781249999 0.2402877421875 0.0939534421875 0.24703316874999998 0.1028491734375 0.246484271875 0.10832965624999999 0.2580101828125 0.1088269046875 0.2699341421875 0.1001798 0.27644501875 0.1025292890625 0.2841792421875 0.0741166578125 0.302777571875 0.0541025078125 0.3089030484375 0.0493678984375 0.315263075 0.0483427484375 0.3328054640625 0.0161344640625 0.325192884375 0 0.32891781875000003 0 0.5
0 1 0.5 1 0.45441158593750003 0.9860925843749999 0.4549552375 0.927973225 0.5 1 0.5
0 1 0.3010060265625 0.9359398234375 0.31035720312500004 0.8233891828125 0.3385726609375 0.7547923859375001 0.3901070140625 0.6722528453125 0.3957761921875 0.6048841671874999 0.43810262968749997 0.5947063390625 0.47391880468750003 0.6365790515625 0.49548707031249994 0.63795095625 0.5 0.6796902218750001 0.5 0.6915637328124999 0.493948334375 0.735892684375 0.49710076406250003 0.7611385796875 0.446650371875 0.78831833125 0.46268639218749996 0.885072928125 0.43142445 0.918621109375 0.44599019999999995 0.9499853640625 0.40751384843749994 1 0.409826209375 1 0.3010060265625
0 0.8714084875000001 0.5 0.9033029718750001 0.4740687265625 0.89412543125 0.456107665625 0.8707328375 0.46373936718750003 0.844156025 0.47210620312499996 0.8444160937500002 0.5 0.8714084875000001 0.5
0 0.5774509671875 0.5 0.5633643234375001 0.454381528125 0.5396188609375 0.424166065625 0.43260587812499995 0.3819390828125 0.4310026515625 0.4113134625 0.36875 0.437814003125 0.36875 0.5 0.45678360625 0.5 0.4579100921875 0.49880741874999995 0.5193882421875 0.489076259375 0.54276415 0.5 0.5774509671875 0.5
0 0.567923934375 0.37970269375 0.5916693984375 0.40991815625 0.5878822421875001 0.38625043593749997 0.5648647546875 0.3737156734375 0.5508997718749999 0.3858641265625 0.567923934375 0.37970269375
0 0.471066540625 0.3596731625 0.4618890015625 0.3417121015625 0.425031565625 0.33460364062500003 0.43175286718750006 0.37098053593749997 0.471066540625 0.3596731625
0 0.6333142781250001 0.386917103125 0.6454482015625 0.3595737109375 0.634689671875 0.312973403125 0.6190186625 0.303204765625 0.6023473687500001 0.3472133625 0.6333142781250001 0.386917103125
0 0.6774153953125 0.345500215625 0.7228474296874999 0.3461668828125 0.66996611875 0.29144261875 0.6479044390625 0.34115787656249996 0.669068628125 0.3965113265625 0.6841366953125 0.3818771109375 0.6774153953125 0.345500215625
0 0.36875 0.265046715625 0.411714 0.2551276953125 0.45872702499999995 0.284433609375 0.48984120625000005 0.25940156875 0.564534125 0.2778548828125 0.6114443515625 0.2558693234375 0.564806434375 0.206396946875 0.53173615625 0.2229562046875 0.49856308125000004 0.18822399218750002 0.5004386171874999 0.087391675 0.447990734375 0.179819675 0.41614857499999997 0.1871710171875 0.36875 0.1314281734375 0.36875 0.265046715625
0 0.79496746875 0.048398578125 0.8025417828125001 0.09573401875000001 0.7918638109375 0.1584388125 0.7176710359375 0.1130968796875 0.71288359375 0.14320639375 0.739813275 0.172686721875 0.7214359546875 0.194778228125 0.8648507046875 0.1549750359375 0.8696381500000001 0.1248655203125 0.8431863749999999 0.126510203125 0.8179849578125001 0.0609333390625 0.79496746875 0.048398578125
0 0 0.5 0 1 0.07539659062500001 1 0.032596145312500005 0.8077865640624999 0.030464487499999998 0.79032109375 0.0314324296875 0.7871046953125 0.0346833859375 0.7847216421875001 0.0363639171875 0.7862382562500001 0.0442726765625 0.8007374671875 0.05590643125 0.8165533734375 0.074748575 0.8356026203125 0.086154475 0.844669009375 0.113786128125 0.8573356796875 0.13494336875 0.8600695234375 0.1599601546875 0.856470621875 0.1811387828125 0.8477719609375001 0.1953445109375 0.83850644375 0.21028421874999997 0.8225414359375 0.2190890015625 0.8079927874999999 0.2250082921875 0.7932940546875 0.22912777499999998 0.776562075 0.2304764546875 0.7626464640625 0.2293051015625 0.74604763125 0.222142540625 0.7183160734375 0.2171116390625 0.708049984375 0.2095576484375 0.6967338875 0.1995983140625 0.685701021875 0.18771073437500002 0.677017921875 0.16632105625 0.669984384375 0.145870296875 0.6752499828125 0.12937085937499998 0.689398403125 0.1241962421875 0.6916813968750001 0.1203259984375 0.70373039375 0.12018228281250001 0.7162794765625 0.1241412453125 0.7210792609375 0.1270252125 0.7220459531250001 0.15073609375000002 0.7094976578125 0.16336070625000002 0.7098480546875 0.1744103125 0.7165479375 0.1860547609375 0.72664759375 0.193003215625 0.74028016875 0.19550186249999998 0.7543958937499999 0.1933152078125 0.7663282875 0.18523065 0.7815269125000001 0.16921136718750002 0.7961086500000001 0.15573044687499998 0.8035743234374999 0.1394909453125 0.8073235078125001 0.11893007656250001 0.8071728296874999 0.1085961171875 0.803572746875 0.096228384375 0.794456328125 0.0887783921875 0.7918229375 0.08169997031250001 0.7833899796875 0.0778679203125 0.7750237921875 0.0944789921875 0.7654750421875001 0.09497289375 0.75855889375 0.0923519171875 0.7455597515625 0.084825425 0.719544721875 0.07159821562499999 0.6556655874999999 0.0666728375 0.6532655984375 0.057773221875 0.6542318953125 0.054903003125 0.6459157390625 0.0437341234375 0.638699221875 0.0430245890625 0.6323329937500001 0.0452143 0.6187673874999999 0.057892379687499995 0.590536528125 0.06970346093749999 0.5758379921875 0.0880103421875 0.55963978125 0.1178622578125 0.5424086984375001 0.1448149296875 0.532376996875 0.1706758015625 0.5274948828125 0.1974908671875 0.526745834375 0.21347959843750003 0.5284962421875 0.2419614453125 0.5366132718750001 0.280520375 0.55709640625 0.2996132890625 0.5706460625 0.3229006609375 0.5916619796875 0.34473993593749996 0.61546098125 0.36875 0.6479801468749999 0.36875 0.5836038734375 0.34533008125000003 0.557098575 0.32372476875 0.5367826625000001 0.28637996875 0.5100333546875 0.266130828125 0.5 0 0.5
0 0.36875 1 1 1 1 0.5 0.5425923156250001 0.5 0.36875 0.5410747890625001 0.36875 1