0 0 0 0 0.3397194234375 0.052428835937499994 0.55 0.2483718546875 0.55 0.18338327031249999 0.3403734609375 0.1388679015625 0.115903559375 0.109393953125 0 0 0
0 0.345809271875 0.394758 0.3661697109375 0.46329683125 0.382900753125 0.48775347187499996 0.3931078796875 0.47948291718749997 0.39889690624999996 0.45677292031250005 0.37394085 0.3501184328125 0.364324215625 0.337793078125 0.35587615 0.303909734375 0.358766521875 0.2990993484375 0.38762884531249997 0.31644158125 0.41381556875000003 0.30336891875 0.44290508281249996 0.2658520375 0.43754146250000003 0.224656078125 0.4623779640625 0.2160098 0.46989293125 0.20350279218749998 0.46644104531249997 0.1830968140625 0.4206784484375 0.1045325046875 0.4256497890625 0.157277534375 0.41851468281250004 0.17786930625 0.40119728749999994 0.1674639640625 0.3850277625 0.168223690625 0.374242559375 0.177456321875 0.3538365796875 0.18090820937500002 0.3447814609375 0.19379922031250002 0.34476076093749997 0.2265222734375 0.37746725625 0.25272141718749996 0.377264903125 0.2683128671875 0.3562808515625 0.2727268328125 0.3343637015625 0.230750446875 0.3199283984375 0.228623940625 0.28272928125 0.30578835 0.2873414578125 0.3177255625 0.297156303125 0.3210040796875 0.324305103125 0.308509490625 0.334293321875 0.3420088296875 0.3331164734375 0.376656040625 0.345809271875 0.394758
0 0.296011940625 0 0.29599237968750003 0.0309229765625 0.3252180078125 0.08252841718750001 0.35119823906250003 0.09159181718750001 0.36544775 0.08313133125 0.3945455453125 0.032525228125 0.363211346875 0 0.296011940625 0
0 0.6296875 0.195056575 0.6225454859374999 0.189162709375 0.6108023453125 0.19127265625 0.6061736093750001 0.2055138859375 0.6096296359375 0.219375253125 0.621752640625 0.22535007031249998 0.6296875 0.224282903125 0.6296875 0.195056575
0 0.5728600609375001 0.22608909531250002 0.574602565625 0.2101136421875 0.55285050625 0.211447303125 0.5349550375 0.20200404062500002 0.5338278671875 0.15811591875 0.521903075 0.14309426249999999 0.5095859984375 0.1396216765625 0.505721128125 0.163487821875 0.5184056484374999 0.1946790046875 0.48624824999999994 0.213330059375 0.48642576093749995 0.23700627343749997 0.5335758375 0.2522427015625 0.545897053125 0.2491706765625 0.5728600609375001 0.22608909531250002
0 0.585820990625 0.55 0.5544398328125 0.43762244843750003 0.5548569546875 0.3868057140625 0.5410369859374999 0.324815634375 0.5281459765625 0.3157605125 0.5194831390625 0.3171024546875 0.5071577828125 0.32671908906249997 0.517521725 0.37484780156249997 0.563451196875 0.55 0.585820990625 0.55
0 0.47203135312500005 0.47452813593750004 0.463946590625 0.474908 0.4570014171875 0.49954215 0.461609453125 0.518023975 0.481040934375 0.5336278453125 0.49164034531249995 0.513808221875 0.48703645 0.4887817859375 0.47203135312500005 0.47452813593750004
0 1 0.0516204953125 0.9931963140625001 0.0470804125 0.9668997171875 0.047390746875 0.95119553125 0.016952453125 0.9228442749999999 0.013090464062500001 0.9069656109374999 0.0389109609375 0.91267580625 0.07808718125 0.897375659375 0.12250186562500001 0.90350979375 0.19592617343750002 0.9134938375000001 0.20749069375 0.915114609375 0.197717375 0.9293625515624999 0.20197264375 0.9331627140625001 0.24162508593749998 0.9917354625 0.3300826234375 1 0.3581633546875 1 0.0516204953125
0 0.1285601796875 0.77478695625 0.11969913125000001 0.7851757375 0.12218480000000001 0.8115482515625001 0.15088203125 0.7855804390625 0.14299962187499998 0.77036885 0.1285601796875 0.77478695625
0 0.1729725546875 0.8577776484375 0.1777953625 0.8410341906250001 0.1724151796875 0.8260166734375 0.16298847656249998 0.8177336984375 0.1500891859375 0.8217677999999999 0.1450805875 0.8279242671875 0.1504607703125 0.842941784375 0.1639257140625 0.8575794375000001 0.1729725546875 0.8577776484375
0 0.224012340625 0.8098802656250002 0.2197717484375 0.8191170390625 0.22765415781249998 0.8343286265625001 0.24094573281249998 0.8187454562500001 0.23575548125 0.8077703203125001 0.224012340625 0.8098802656250002
0 0.1840304890625 0.7216951828125 0.1686206890625 0.7386244359375 0.17765925 0.7519118671875 0.196343425 0.73171238125 0.1921152515625 0.7213153203125 0.1840304890625 0.7216951828125
0 0.18386125625 0.6849297484375001 0.1740422703125 0.6881958421875 0.166337371875 0.69666046875 0.1647847984375 0.716678303125 0.1699791890625 0.721108828125 0.18923729843749998 0.706491875 0.1925158140625 0.696677028125 0.18386125625 0.6849297484375001
0 0.13633545625000001 0.655063946875 0.14461015156249998 0.6587264640624999 0.161754175 0.63891098125 0.1507914578125 0.6244673984375 0.1390483171875 0.626577346875 0.1332634328125 0.64274273125 0.13633545625000001 0.655063946875
0 0.13693423124999998 0.621378815625 0.148487440625 0.6152264875 0.15176595625 0.6054116406250001 0.1438794046875 0.5967446640625 0.13675671875 0.5977026015625 0.12943168124999999 0.6142519890625 0.13693423124999998 0.621378815625
0 0.2837439421875 0.71482866875 0.27449475 0.7302219078125 0.28314516875 0.7485138 0.297592890625 0.7310064734375 0.2918287046875 0.7144488046874999 0.2837439421875 0.71482866875
0 0.26562128125 0.7602445203125 0.2625368375 0.7675571375000001 0.2723475453125 0.7773802640625 0.2775543546875 0.7621769546875 0.26562128125 0.7602445203125
0 0.260286134375 0.9783307640625001 0.2654929453125 0.9631274546874999 0.260116903125 0.941565328125 0.2453017375 0.931354059375 0.23548275156249998 0.9346201546875001 0.230474153125 0.940776621875 0.233158034375 0.958102296875 0.248158990625 0.9789005578125 0.260286134375 0.9783307640625001
0 0.172125890625 0.9790449515624999 0.1761724125 0.9723104078125001 0.1704123671875 0.9492081296875 0.15675334999999999 0.9370727046875 0.1515548203125 0.9391867921875001 0.14500607031249999 0.9457272624999999 0.14615393906250002 0.9568923296874999 0.15961474375 0.97807459375 0.172125890625 0.9790449515624999
0 0.012688350000000001 0.55 0.033170115625 0.6415244828125 0.0922451640625 1 0.5958113625 1 0.49219743125 0.55 0.012688350000000001 0.55
0 0.5142088546875 0.9305617171874999 0.51496858125 0.9467312437500001 0.5247792875 0.95655436875 0.5309398953125 0.9550183578125001 0.528450084375 0.9351904531249999 0.5142088546875 0.9305617171874999
0 1 0.6216616312500001 0.9006725109375001 0.747124590625 0.8908951515625001 0.73480096875 0.9189917874999999 0.713034296875 0.9138652578125 0.6847896984374999 0.8638236171875 0.68384703125 0.745853515625 0.756202515625 0.7320553328124999 0.7623266796875 0.7162806421875001 0.7528403015625 0.706849246875 0.772637096875 0.721166378125 0.814693559375 0.736484046875 0.8377133328124999 0.7595160765625 0.849416084375 0.7580398390624999 0.8242872 0.7704482765625 0.8010642578125001 0.874706684375 0.742863040625 0.8780729359375 0.7755723609375 0.8915870796875 0.799041803125 0.9322838156250001 0.8278113656249999 0.9387381687499999 0.8114407234375001 0.9305913499999999 0.782607221875 1 0.693282075 1 0.6216616312500001
0 0.8351716906250001 0.9338827734375 0.8295016468749999 0.9111414671875 0.8148572296875001 0.8946635593749999 0.7943884640625 0.8970831046875001 0.7860873421875001 0.9098883656249999 0.67268746875 0.84690988125 0.6473084 0.841160090625 0.63729024375 0.862445125 0.644133809375 0.88220995 0.7690280734374999 0.9490322843750001 0.7942528390625 0.9964208375 0.8135480859375 0.9969777718749999 0.8319106078124999 0.9669025296874999 0.8351716906250001 0.9338827734375
0 0.6296875 0.8537202328125 0.69657161875 0.7698318171875 0.6718225546875 0.7666088390625 0.654744609375 0.7480537859374999 0.6296875 0.7793624828125 0.6296875 0.8537202328125
0 0.6296875 0.55 0.6296875 0.5638939921875 0.6457142015625 0.5812202703125 0.6530767109375 0.6491657234375 0.6670911234375 0.6631168203125 0.693470728125 0.649829921875 0.6891717500000001 0.586488425 0.71474836875 0.55461450625 0.7151397453125 0.55 0.6296875 0.55
0 0.6296875 0.8522805250000001 0.666844440625 0.8081083671875 0.6551338203125 0.7841892546875 0.652286515625 0.7996605625 0.6429229328125 0.7697884890625 0.6296875 0.7838169765625 0.6296875 0.8522805250000001
0 0.634757434375 0.6832560171875001 0.6584381484375 0.7551845531250001 0.678579628125 0.778343559375 0.690030775 0.7781723578124999 0.7376634515625 0.7233539625 0.7535491999999999 0.687186525 0.85357055625 0.6273578343749999 0.858851390625 0.613963671875 0.8501178125 0.586618409375 0.840340453125 0.5742947875 0.8283025453124999 0.575954228125 0.7001845546875 0.657549590625 0.67015465625 0.667720775 0.652489953125 0.6506539625000001 0.6392352812500001 0.6512748328125 0.634757434375 0.6832560171875001
0 0.866197346875 0.55 0.8688695453124999 0.5926786359375 0.86078465 0.6255591593750001 0.8482897218750001 0.6407519984375 0.8545032796875001 0.6579900109375 0.8782518078124999 0.6802496796875 0.904217634375 0.6845112312499999 0.9377680875 0.6654106046875 0.942332425 0.6414595249999999 0.9342288515625 0.6166410765625 0.9104370796874999 0.5903663546875 0.9079096578125 0.55 0.866197346875 0.55