0 0.81015625 0 0.809375 0.21796875 0.821875 0.43984375 0.8109375 0.66484375 0.8125 0.99921875 1 0.99921875 1 0.00078125 0.89296875 0 0.87109375 0.0140625 0.8625 0.01015625 0.86015625 0 0.81015625 0
0 0.62109375 0.5515625 0.6328125 0.54140625 0.640625 0.51015625 0.615625 0.47734375 0.61953125 0.4625 0.640625 0.46328125 0.6515625 0.50859375 0.66484375 0.5140625 0.71875 0.44921875 0.7171875 0.43671875 0.70859375 0.43125 0.6796875 0.43671875 0.678125 0.40234375 0.6875 0.36953125 0.6796875 0.34921875 0.6765625 0.27890625 0.66640625 0.2515625 0.6546875 0.25703125 0.64375 0.27734375 0.6421875 0.38515625 0.6484375 0.39921875 0.6484375 0.43359375 0.64453125 0.4375 0.62109375 0.4140625 0.59296875 0.4203125 0.55625 0.44921875 0.5515625 0.48984375 0.52578125 0.4921875 0.515625 0.50234375 0.5140625 0.52265625 0.5390625 0.60859375 0.546875 0.55703125 0.55859375 0.5390625 0.57265625 0.553125 0.58828125 0.55625 0.60078125 0.55 0.62109375 0.5515625
0 0.61640625 0.7640625 0.6328125 0.73984375 0.640625 0.70859375 0.625 0.65234375 0.60234375 0.6375 0.58671875 0.6421875 0.546875 0.68359375 0.5765625 0.73515625 0.5734375 0.75078125 0.5828125 0.82109375 0.578125 0.84765625 0.5609375 0.86484375 0.559375 0.87890625 0.578125 0.89765625 0.5890625 0.88359375 0.590625 0.85703125 0.6 0.84140625 0.6 0.74609375 0.6046875 0.74453125 0.61640625 0.7640625
0 0.4140625 0.89453125 0.425 0.88828125 0.428125 0.87578125 0.42109375 0.8625 0.40859375 0.8609375 0.403125 0.88203125 0.4140625 0.89453125
0 0.165625 0.91484375 0.1765625 0.90078125 0.1765625 0.88203125 0.16015625 0.871875 0.15 0.88515625 0.1484375 0.90546875 0.165625 0.91484375
0 0.16328125 1 0.1765625 0.99921875 0.1828125 0.96953125 0.17421875 0.953125 0.16328125 0.9515625 0.1515625 0.96171875 0.1484375 0.97890625 0.16328125 1
0 0.140625 0.88515625 0.13515625 0.871875 0.12421875 0.871875 0.115625 0.99921875 0.134375 0.99921875 0.140625 0.88515625
0 0.159375 0.73515625 0.16796875 0.75 0.1765625 0.75078125 0.1859375 0.73828125 0.1859375 0.72265625 0.18203125 0.715625 0.16796875 0.7125 0.1609375 0.71953125 0.159375 0.73515625
0 0.0140625 0.88203125 0.0140625 0.87109375 0.00078125 0.8640625 0 0.88828125 0.00625 0.88984375 0.0140625 0.88203125
0 0.128125 0.50703125 0.134375 0.51484375 0.146875 0.41953125 0.13828125 0.3640625 0.1296875 0.36796875 0.125 0.39296875 0.125 0.47578125 0.128125 0.50703125
0 0.27109375 0.3015625 0.2640625 0.39765625 0.26875 0.45390625 0.2765625 0.46171875 0.30546875 0.453125 0.309375 0.44453125 0.284375 0.42734375 0.2796875 0.38671875 0.29375 0.33359375 0.27109375 0.3015625
0 0.353125 0.46171875 0.36640625 0.4796875 0.378125 0.48046875 0.3859375 0.46796875 0.3859375 0.45390625 0.37578125 0.4453125 0.36171875 0.44375 0.353125 0.45234375 0.353125 0.46171875
0 0.45390625 0.440625 0.42265625 0.45625 0.4171875 0.47109375 0.43828125 0.475 0.453125 0.48828125 0.44375 0.53046875 0.4515625 0.54765625 0.4625 0.55390625 0.471875 0.53203125 0.4671875 0.49921875 0.50234375 0.4890625 0.5078125 0.46640625 0.46640625 0.440625 0.45390625 0.440625
0 0.490625 0.25859375 0.478125 0.30703125 0.4765625 0.36953125 0.48671875 0.38125 0.4953125 0.38203125 0.509375 0.37578125 0.5109375 0.32734375 0.50703125 0.0046875 0.4953125 0.01015625 0.484375 0.03515625 0.490625 0.25859375
0 0.578125 0.24296875 0.5859375 0.24453125 0.5984375 0.22265625 0.5984375 0.20390625 0.58359375 0.184375 0.56875 0.20078125 0.5671875 0.22578125 0.578125 0.24296875
0 0.4109375 0.21484375 0.4171875 0.21484375 0.4296875 0.18671875 0.425 0.17265625 0.41328125 0.165625 0.4046875 0.17578125 0.403125 0.19609375 0.4109375 0.21484375
0 0.34296875 0.1703125 0.3390625 0.18515625 0.3484375 0.18671875 0.3515625 0.17578125 0.34296875 0.1703125
0 0.14453125 0.115625 0.1546875 0.09609375 0.15 0.07265625 0.15390625 0.0671875 0.25546875 0.0640625 0.265625 0.05078125 0.271875 0.00078125 0.13984375 0 0.1359375 0.01796875 0.1203125 0.02890625 0.11875 0.04140625 0.1265625 0.05078125 0.10859375 0.0484375 0.10703125 0.053125 0.109375 0.02109375 0.1015625 0.00390625 0.07109375 0 0.065625 0.03359375 0.05234375 0.0453125 0 0.04140625 0.00078125 0.06875 0.0421875 0.07109375 0.04375 0.10546875 0.046875 0.11796875 0.0546875 0.12109375 0.0734375 0.09765625 0.07578125 0.0671875 0.12734375 0.0625 0.1265625 0.09765625 0.1328125 0.11015625 0.14453125 0.115625