0 0.509375 0.053085167187500004 0.26732527500000003 0.044632603124999996 0.16062738125 0.0351115953125 0.1509526875 0.0270470328125 0.11097381718749999 0.0314459765625 0.034243234375 0.019108092187500002 0 0.01881340625 0 0.1584224125 0.093894809375 0.164135390625 0.19286506718750002 0.181113259375 0.329732390625 0.1820294140625 0.3494186453125 0.188511909375 0.509375 0.1852371890625 0.509375 0.053085167187500004
0 0 0.44122261875 0.016598140625 0.453119609375 0.036756007812500005 0.44609682343749996 0.051268048437500005 0.45819366562499997 0.11637688125000001 0.4469455671875 0.15850492968750002 0.4522800671875 0.1912277796875 0.44183270312499995 0.1818899546875 0.4241215109375 0.13216901875 0.42238521875 0.11302175156250001 0.400468115625 0.0951478109375 0.41336569375 0.030173725000000002 0.42075514218750004 0.011831553125 0.4114220640625 0.0196265625 0.4020358796875 0.006323859375 0.39094710625 0 0.39072627187500003 0 0.44122261875
0 0.509375 0.5710657140625 0.48544361406250003 0.56993934375 0.47281125937499996 0.5752932484375 0.25625568906249996 0.5754576765625 0.21170896875 0.568107034375 0.146937003125 0.5697085046875 0.12006210312500001 0.5552482624999999 0.0380225578125 0.5523833781249999 0.00301578125 0.5569559500000001 0 0.5584604 0 0.609375 0.134968509375 0.609375 0.1558032140625 0.600924978125 0.21815650468749997 0.5973073656250001 0.2700266203125 0.6087771046875 0.2925357890625 0.6056997843749999 0.29948434218750003 0.609375 0.3402469546875 0.609375 0.3547543328125 0.605940825 0.35967866718749997 0.609375 0.38788124062499996 0.609375 0.3897611109375 0.601368253125 0.509375 0.6055452625 0.509375 0.5710657140625
0 0.509375 0.609375 1 0.609375 1 0.4109141375 0.791082890625 0.40562918281250004 0.714534565625 0.42555046562500004 0.59480211875 0.434280409375 0.573565703125 0.4416082484375 0.551935259375 0.4602195328125 0.5330425265625001 0.44664869218750003 0.509375 0.43898357656250003 0.509375 0.609375
0 1 0.3474316796875 0.88082850625 0.3312966234375 0.8465278546875 0.3430099109375 0.8306798578125001 0.35778840624999997 0.8361245671875001 0.363627140625 0.9101040499999999 0.371052221875 0.92755373125 0.37973100937500004 0.9502894890625001 0.37568330156249996 0.9791351921875 0.3815322734375 0.9906437953125 0.37547861875 1 0.376166121875 1 0.3474316796875
0 0 0.7530557671875 0.0569254625 0.7689952484375 0.1387261359375 0.771851790625 0.2034901234375 0.7527226953125 0.25675549062499997 0.7569595078125 0.268917284375 0.714602803125 0.26577521718749997 0.702609353125 0.04766905625 0.6771673328125 0 0.6770036796875 0 0.7530557671875
0 0 0.8102507375 0.08930345468749999 0.8105305734374999 0.158531853125 0.8165131999999999 0.245957490625 0.8112475640625 0.24984562812500002 0.8018763609375 0.2466621125 0.7910698375 0.19157702031249998 0.7879578515625 0.172181784375 0.782527065625 0.038811121875 0.7778696593750001 0 0.7713886000000001 0 0.8102507375
0 0 0.8982556546874999 0.043557665625000005 0.8968726515625001 0.2052978390625 0.9048974874999999 0.240904796875 0.9049525375 0.2428903140625 0.8990800109375 0.2426021765625 0.88183855 0.23114700781250003 0.8784675953125 0.1260629609375 0.8795514687499999 0 0.868995975 0 0.8982556546874999
0 0 0.9841768359374999 0.0477279359375 0.9813927187499999 0.23469555312499998 0.9807915375 0.233373209375 0.9676732640625 0.0573653828125 0.9603385640625 0 0.9530910562500001 0 0.9841768359374999
0 0 0.6352789718749999 0.026002165625 0.6348176765625 0.2250446765625 0.6453335109375 0.249774740625 0.65095059375 0.2764488734375 0.651882075 0.28012976875 0.648445496875 0.2814955625 0.634826909375 0.2611904625 0.6299585359375001 0 0.6096319515624999 0 0.6352789718749999
0 0.4220442109375 0.8673082875 0.438007240625 0.8690540999999999 0.45686565156250003 0.8643649765625 0.46360771874999995 0.849745759375 0.455130825 0.837566015625 0.4304422109375 0.8307620078125 0.413279178125 0.8378870812500001 0.409225246875 0.8520059828125 0.4220442109375 0.8673082875
0 0.509375 1 1 1 1 0.609375 0.509375 0.609375 0.509375 1