0 0.4 0.0062823 0.3816919015625 0.0178324796875 0.3880309875 0.06267249687500001 0.4 0.068464209375 0.4 0.0062823
0 0.4 0.1697349 0.37196647031249996 0.20342373593750002 0.39786959843749997 0.254945803125 0.4 0.25280073125 0.4 0.1697349
0 0.4 0.314901971875 0.372419009375 0.3354584203125 0.3729582703125 0.366352590625 0.3929145015625 0.39550312656250003 0.4 0.392192590625 0.4 0.314901971875
0 0.624770203125 0.229006384375 0.6492386078125 0.24608195312499997 0.6609034984375001 0.24587834062499997 0.6706111015625 0.22903968749999998 0.6923326421875 0.2319943796875 0.7126537749999999 0.2024685625 0.6950837218749999 0.198607946875 0.692307771875 0.18282065625 0.6763459562499999 0.1755981296875 0.66605660625 0.159108525 0.648573815625 0.16024714843750001 0.60615300625 0.1651549078125 0.6004514546874999 0.1727555703125 0.6074079796875 0.18930335 0.6226383953125 0.20237286562499998 0.624770203125 0.229006384375
0 0.7061103875000001 0 0.705859553125 0.0042236109374999995 0.71433705625 0.0124102390625 0.7114405390625 0.03746460625 0.7411990546875 0.071117040625 0.7865412484375 0.0903286359375 0.8081464421875001 0.0866176734375 0.8332589828125 0.092847015625 0.8522918374999999 0.085013653125 0.848260915625 0.045077920312500006 0.824611175 0.027154603125 0.8151404875000001 0.009817248437499999 0.798418184375 0.0067752953125000005 0.79069888125 0 0.7061103875000001 0
0 0.680306053125 0.3547229640625 0.7081072828125 0.3717403578125 0.7297124734375 0.3680293953125 0.7415561046875 0.3303169515625 0.728050278125 0.3205511734375 0.6791383421875 0.3355737609375 0.680306053125 0.3547229640625
0 0.904553034375 0.2141212328125 0.9049020828125001 0.23411818750000002 0.9563239656250001 0.2673924875 0.9597773562499998 0.226492653125 0.9203694140625001 0.21301169843749998 0.904553034375 0.2141212328125
0 0.024036721875 0.4890625 0.0267008625 0.5235412796875 0.041893359375 0.5344385093749999 0.049485253125 0.49188881718750005 0.0483735171875 0.4890625 0.024036721875 0.4890625
0 0.086903559375 1 0.0882848 0.9957526984375 0.07735137343750001 0.942363953125 0.0436335546875 0.920627671875 0.0457976921875 0.8536154109374999 0 0.9138569499999999 0 0.9326890703124999 0.0354183578125 0.9274685171874999 0.038214503125 0.9921617125000001 0.019291071875 1 0.086903559375 1
0 0.4 0.8710305703125 0.387840840625 0.8722023374999999 0.36683102343749996 0.8145245078125001 0.300252421875 0.8201516078125 0.27723429374999997 0.8384132546874999 0.235145453125 0.81459060625 0.2429623796875 0.6894351203125 0.25225964375 0.64908814375 0.2785326859375 0.6263047187499999 0.2841854734375 0.56816149375 0.271624590625 0.5170336390625 0.19303049375 0.5027781234375001 0.1842007046875 0.5699067343750001 0.15630020625000002 0.5949510515625 0.103130821875 0.60480905625 0.0593366109375 0.5787836937499999 0.02973074375 0.60162529375 0.012599140625 0.5751345328124999 0 0.577470509375 0 0.7751130671875 0.02951441875 0.7802277015625 0.0471134984375 0.833500096875 0.050515529687500005 0.741908915625 0.0791864484375 0.6655040453125001 0.1400256390625 0.617559953125 0.15676768125 0.6217326859375 0.199479821875 0.6812641796875 0.20049268437499998 0.7392910546875 0.16778772656250002 0.7755816484375 0.1584904625 0.8159286250000001 0.1909703890625 0.862243825 0.2143001671875 0.861836603125 0.23182133437500002 0.9106453921875 0.29839993593749997 0.9050182937500001 0.3380129859375 0.9779987796875 0.3232442625 1 0.3969568265625 1 0.3710295921875 0.9595626093749999 0.3705621171875 0.932780975 0.39869635468750003 0.9211274765624999 0.4 0.9172653093750001 0.4 0.8710305703125
0 1 0.730091096875 0.9872955828125001 0.7401258625 0.9583998390625 0.77760556875 0.9481266984375001 0.7880894875 0.92746406875 0.8023916718749999 0.9084395296875 0.8063606640625001 0.86848793125 0.809482634375 0.8643659124999999 0.8077361249999999 0.5088174234375 0.80545610625 0.4046471734375 0.8018190281249999 0.4 0.801090953125 0.4 0.9409633718750001 0.4093205828125 0.9393341671875 0.7633892921875 0.9349723328125 0.8938874343750001 0.9363313984375001 0.9257959640625 0.941229809375 0.95007359375 0.95171679375 1 0.994363940625 1 0.730091096875