0 0.3296875 0.3069025359375 0.32797094375 0.299568575 0.2726716125 0.264710596875 0.19130553125 0.3167269296875 0.18098414375 0.31164508281250003 0.1741305265625 0.2813086234375 0.1406486125 0.2510880796875 0.1159788203125 0.2732800484375 0.10403585625 0.2981771875 0.070666253125 0.2853083234375 0.057827115625 0.2652514734375 0.0306676515625 0.276806359375 0.0292964671875 0.251967178125 0.0177162046875 0.23939782968749998 0.0014654515625 0.2532714328125 0.00017849843749999998 0.2414460109375 0 0.24174288124999999 0 0.3895577359375 0.0763194515625 0.41069256249999997 0.0865285296875 0.39842273125 0.1475326109375 0.37962190156250003 0.3183795671875 0.407272640625 0.3296875 0.403079925 0.3296875 0.3069025359375
0 0.034357739062499996 0.1923956609375 0.2300710296875 0.22821986875000003 0.23046181093749998 0.195091303125 0.20615472031249998 0.17981678437499998 0.1728693484375 0.17996167968750001 0.1620729484375 0.194994640625 0.12699753593750002 0.19909100156249998 0.0778521890625 0.1799809328125 0.034357739062499996 0.1923956609375
0 0.4993594437500001 0.07121044062500001 0.49750049062499996 0.053235378124999996 0.48364670937500004 0.0489383625 0.47057827812499997 0.0569790015625 0.46452793750000004 0.08544361406249999 0.47618159687499995 0.10009139687499999 0.4895118125 0.09616330937499999 0.4993594437500001 0.07121044062500001
0 0.3296875 0.5533797296875 0.357901325 0.5550174921875 0.36067794218750004 0.5312662375 0.3487889609375 0.501693109375 0.334385146875 0.4999837859375 0.3296875 0.5058373296875 0.3296875 0.5533797296875
0 0.3971066171875 0.5308955765625 0.408551415625 0.5198052203125 0.3895914203125 0.49143370624999994 0.3995184390625 0.434042453125 0.3842498859375 0.45243386093750004 0.365522371875 0.551228184375 0.3885943671875 0.56559840625 0.40470119843749996 0.5379190656249999 0.3971066171875 0.5308955765625
0 0.471435296875 0.56875 0.49398008906249996 0.4919853640625 0.489712153125 0.45862292968749996 0.47826735312499996 0.46971328593750006 0.46564310468750003 0.5184174109375 0.4460272265625 0.5358847640625 0.44306099374999997 0.56875 0.471435296875 0.56875
0 0.8797912859375 0.56875 0.8798182078125001 0.5685885796875 0.874423746875 0.5512143234375 0.8445160578124999 0.5529710609375 0.8404060250000001 0.56875 0.8797912859375 0.56875
0 0.4437798578125 0.343380134375 0.4570599875 0.24883714218750003 0.4434944515625 0.23783988437499998 0.4238785734375 0.2553072375 0.3930768421875 0.40021799375 0.4003567171875 0.4247545203125 0.42295807031250005 0.40927404999999994 0.4437798578125 0.343380134375
0 0.81017369375 0.56875 0.8086903390625 0.5291284421875 0.837318409375 0.383755659375 0.8259000703125 0.3840332203125 0.8111286234375001 0.42146252500000003 0.8148465281250001 0.4574126515625 0.7913804343749999 0.49299384999999996 0.792924678125 0.52848195 0.76580514375 0.56875 0.81017369375 0.56875
0 0.6594127015625 0.56875 0.6722732421875 0.50824590625 0.668240628125 0.4898088171875 0.6430214328125 0.4641637765625 0.6207347890625 0.462131209375 0.59639538125 0.56875 0.6594127015625 0.56875
0 0.5644311453124999 0.56875 0.5743261703125 0.541518709375 0.6085339375000001 0.33783062343750003 0.6010187421875 0.298368753125 0.5830794203125 0.2972602359375 0.5650342484374999 0.3394028984375 0.5315088250000001 0.48643932031250003 0.521522746875 0.56875 0.5644311453124999 0.56875
0 0.632398740625 0 0.622813959375 0.05688243750000001 0.6309056484375001 0.082943821875 0.5974596109375 0.19754186093749998 0.6004186265625 0.210341540625 0.61346059375 0.2131136953125 0.6262672390625 0.20096050625 0.634491240625 0.17295792031249999 0.6345706296875 0.1405195359375 0.6188314312500001 0.1290602515625 0.637897275 0.114180590625 0.6385002328125 0.089967309375 0.678911434375 0.017418834375 0.683331175 0 0.632398740625 0
0 0.119992328125 0.56875 0.1147987984375 0.5931836328125 0.11224057031250001 0.615430896875 0.115205278125 0.637224165625 0.10211290625 0.67839543125 0.10063821718749999 0.7057568015625 0.1037533375 0.706418940625 0.106755546875 0.6948475984375 0.12162384062500001 0.6963800203125 0.13154101093749998 0.6854645328125 0.1275907578125 0.706601946875 0.11248172187500001 0.7164138687499999 0.122225896875 0.724182815625 0.12333201875 0.7317436171875 0.112376475 0.74243839375 0.10027731250000001 0.7789369765625 0.090292396875 0.7825123765625 0.09086420625 0.769610471875 0.0822938984375 0.7767424171874999 0.0864623078125 0.741813959375 0.0947241296875 0.738686271875 0.098696965625 0.7199955515625 0.0948745421875 0.717555140625 0.08641714375000001 0.7369205671875 0.0748071265625 0.788988465625 0.10697411406249999 0.793383875 0.1196450875 0.743983384375 0.13254188281249998 0.7190498578125 0.138726959375 0.7154807437499999 0.151533425 0.6807604328125001 0.17434318437500002 0.56875 0.119992328125 0.56875
0 1 0.56875 0.3296875 0.56875 0.3296875 1 0.9229623984374999 1 1 0.637566584375 1 0.56875