0 0.5796875 0 0.13572789999999998 0 0.1532759375 0.07429799375 0.2314776296875 0.14340773906249998 0.3190520703125 0.16064133125 0.3344608859375 0.1762408578125 0.4950229828125 0.12853992812499998 0.5796875 0.07560094843750001 0.5796875 0
0 1 0.1123875078125 0.9844779609375 0.110525434375 0.9372349812499999 0.1275784 0.884367403125 0.134069721875 0.8543285171875 0.1291024515625 0.7839880859375 0.1342769375 0.6427977515625 0.1827730265625 0.5796875 0.18708202812500002 0.5796875 0.35237654687500003 0.5838230531249999 0.3510080484375 0.595581721875 0.333984215625 0.6141317890625 0.3299754375 0.632921478125 0.313819421875 0.7274376640625 0.265860846875 0.766661996875 0.2610447046875 0.9305601203125 0.25650059375 0.9735536093749999 0.2823817546875 1 0.28201406093750003 1 0.1123875078125
0 0.5796875 0.5320210984375 0 0.651007378125 0 0.6576357078124999 0.0058849953125 0.6563882828125001 0.026064159375 0.6539105921875 0.0651579390625 0.6505729953125 0.08245441249999999 0.6484492562499999 0.10498555937500001 0.6412953421875001 0.1139875421875 0.643114959375 0.115756575 0.6575225734375 0.12910883125 0.6471082499999999 0.141196628125 0.6383115312500001 0.16840574218749998 0.6335083234375001 0.17796455312499998 0.62794715625 0.19308582968750002 0.6319403375 0.20964847656250002 0.6357567640624999 0.21938430625 0.6316363781250001 0.2269710640625 0.6219299125 0.2462394890625 0.623951540625 0.24927306875 0.6367413734375 0.251395909375 0.6540305234374999 0.25460628750000003 0.6682611640625 0.28302747968749997 0.6852462562499999 0.3325647 0.6835512890625 0.3507718109375 0.6769282984375 0.3691557109375 0.6717460640625 0.38789353125 0.6694453484375 0.43239898749999994 0.66251825 0.44934165937500004 0.6575130312499999 0.47672754843750004 0.6541504671875 0.5324101796875 0.64292600625 0.5796875 0.6342360828125 0.5796875 0.5320210984375
0 0.2614993609375 0.8078131 0.2620300765625 0.8121354296875001 0.2802110671875 0.8172154968750001 0.2881255140625 0.8220936218750001 0.2859242078125 0.839913709375 0.27780673437500003 0.8452978468750001 0.2752778515625 0.8485333296875 0.28498745 0.8561160140624999 0.298719634375 0.8368801687499999 0.3034237015625 0.827527653125 0.301831575 0.81456083125 0.290503615625 0.8057143406249999 0.286913309375 0.8003052234375 0.308153896875 0.8064721359375 0.3265116765625 0.8129929562499999 0.31682819218749997 0.7937071625 0.302617546875 0.7852146765625 0.300291684375 0.7781878437499999 0.3071447140625 0.774421421875 0.2963475703125 0.7698971921875 0.28623181249999996 0.7828391 0.2642836171875 0.7709091734375 0.2588981640625 0.7627955515625 0.2543971171875 0.76188575 0.2372776546875 0.765450215625 0.222484053125 0.776041515625 0.21651554062499997 0.7870117453125001 0.21810767343749998 0.799978621875 0.23828672812499999 0.7975009453125 0.253408009375 0.80149418125 0.2614993609375 0.8078131
0 0.26316391875 0.8690329953125 0.25398491875 0.8657725984375 0.2466011828125 0.865216746875 0.2505332140625 0.878003275 0.248547115625 0.8810651015625 0.2594137125 0.89534656875 0.26351772812499996 0.8719145296875 0.26316391875 0.8690329953125
0 0.359257015625 0.8294471125000001 0.3354875453125 0.8265156843749999 0.3331355640625 0.83119190625 0.33025276406250004 0.8315458703124999 0.332021796875 0.8459534859375001 0.33290631406250004 0.85315729375 0.34605554843749997 0.8530052859375001 0.3604692203125 0.8512355093749999 0.373087740625 0.8467611749999999 0.359257015625 0.8294471125000001
0 0.385836965625 0.7837714890624999 0.390390253125 0.761275178125 0.37812554062500003 0.7686310484375 0.3750397125 0.779247271875 0.385836965625 0.7837714890624999
0 1 1 1 0.8768281218750001 0.9891734921875 0.8720057499999999 0.926623934375 0.8864933687499998 0.9267459015625 0.9096238890624999 0.9114602296874998 0.940092228125 0.9018065656250001 0.9426390484375 0.89880956875 0.992021025 0.8888242515625 1 1 1
0 0.6804434296874999 0.8295845484375001 0.6927484093749999 0.8117356906250001 0.7023329375 0.81600485625 0.711795496875 0.7971435046875 0.676125003125 0.7280023015625 0.6504049453125 0.7325218281250001 0.6408041140625 0.7650151562499999 0.6433008546875 0.8001075890625 0.6589687375000001 0.8022683140625 0.6804434296874999 0.8295845484375001
0 0.5796875 0.8096858765625001 0.5875625390625 0.81103589375 0.590161021875 0.765787346875 0.5796875 0.7614700765625 0.5796875 0.8096858765625001
0 0.6644180984375 0.4408017796875 0.642927103125 0.450248040625 0.64450485 0.4704768140625 0.6554760203125001 0.47866022187499996 0.6673133515625 0.4717607828125 0.6644180984375 0.4408017796875