0 0.47007309062499997 0.2227898234375 0.517347471875 0.208788275 0.5138967125 0.1870010328125 0.49998545468750005 0.1705928671875 0.45670564999999996 0.1830311609375 0.4519651109375 0.197740609375 0.47007309062499997 0.2227898234375
0 0.6296875 0.1624518796875 0.6203437921875 0.1626968734375 0.601233596875 0.1759599515625 0.5958325109375 0.19542689062500002 0.6127902390625 0.2132136921875 0.6296875 0.2150379140625 0.6296875 0.1624518796875
0 0 0.2783786375 0.0349973265625 0.2702958390625 0.029246059375 0.23398376718749997 0 0.23691570781250001 0 0.2783786375
0 0.46283840937500004 0.30210394687500003 0.5152889328125 0.3207832625 0.5484499125 0.280169246875 0.4947637171875 0.262616215625 0.46283840937500004 0.30210394687500003
0 0.2687270625 0.2193180671875 0.30882087187499996 0.24926024062500002 0.3454326125 0.230433465625 0.356639071875 0.2119081953125 0.3158847171875 0.186723515625 0.2687270625 0.2193180671875
0 0 0.3964346203125 0.058344065625 0.381989325 0.0585149015625 0.365211925 0.0428782640625 0.337910140625 0 0.3440873140625 0 0.3964346203125
0 0.185928571875 0.20544539843749998 0.1555806078125 0.21025204375 0.129631509375 0.2339040421875 0.1483146171875 0.2625844640625 0.1617361640625 0.266972721875 0.21766024687500002 0.24508717343750003 0.21622243124999999 0.2360091546875 0.185928571875 0.20544539843749998
0 0.1866915578125 0.370966825 0.2344556484375 0.36898518281250003 0.246866471875 0.32235192343749997 0.18358246875 0.3156247828125 0.16809386875000001 0.3338977046875 0.1638430390625 0.36062705625 0.1866915578125 0.370966825
0 0.3500421375 0.34881693281250004 0.3808485015625 0.3290484921875 0.3871122765625 0.3150283640625 0.35377195 0.2830859703125 0.3212402046875 0.2919607890625 0.2999462296875 0.3092920421875 0.312823959375 0.33703079687500004 0.3332011375 0.3496231359375 0.3500421375 0.34881693281250004
0 1 0.459375 1 0 0.6296875 0 0.6296875 0.25525220000000004 0.6314638453125 0.27732386875000004 0.63462653125 0.459375 0.907125590625 0.459375 0.9060967734375 0.45287930000000004 0.9118885765625 0.41003794843749997 0.9054204718750001 0.3890522828125 0.9126697390625 0.3554129953125 0.9084402609375001 0.28900444375 0.9139272093749999 0.28394299375 0.912507853125 0.270018440625 0.9200143000000001 0.26778143593750003 0.93155974375 0.2711933203125 0.9404760359375001 0.26296846406249996 0.93965681875 0.237943803125 0.9473538015624999 0.2120943578125 0.95361234375 0.2168676546875 0.9575846437500001 0.2518739234375 0.9545553390624999 0.332009359375 0.9628499796875 0.459375 1 0.459375
0 0.6296875 0.8013169109374999 0.6212690703125 0.7724362906250001 0.49099729999999997 0.7775270843750001 0.5215195031250001 0.7704725234375001 0.5309738328125 0.7445516031249999 0.5137267109375 0.7117581875 0.519114775 0.68870161875 0.5054933171875 0.6597745921875 0.49696397656249996 0.5678721390625 0.479276253125 0.5418094625000001 0.2818354625 0.550877828125 0.24078264531250002 0.6151082296875 0.2306421984375 0.6366971828125 0.237308275 0.6978102921875 0.266710403125 0.8263725484375 0.19189988593750001 0.858204234375 0.19587193125 0.9308456281249999 0.2166569171875 1 0.5727684640625 1 0.58228124375 0.9828806359375001 0.617555828125 0.9772936906249999 0.6296875 0.9618452218750001 0.6296875 0.8013169109374999
0 1 0.459375 0.7384667703125001 0.459375 0.735346040625 0.48129490312499995 0.7266305671875 0.4952890671875 0.7154056765625001 0.49874875 0.7059029953125 0.4918446484375 0.7015006765625 0.495905578125 0.6931189578125 0.4854602609375 0.6953837796875 0.5263065250000001 0.668710009375 0.5490314281249999 0.6720881624999999 0.570360246875 0.7071589171875 0.590033121875 0.7084582078125 0.5982365140625 0.6864466109375 0.6185411656250001 0.6942194500000001 0.619832821875 0.8951617781250001 0.593052190625 1 0.5705344640625001 1 0.459375