0 0.3685447046875 0.1982401359375 0.3756978734375 0.1494107265625 0.3546541890625 0.12002866718750001 0.327846478125 0.1077361734375 0.30826962343750003 0.1372666890625 0.3125535765625 0.1780257828125 0.336349496875 0.179645665625 0.35732829375 0.199419028125 0.3685447046875 0.1982401359375
0 0.361511390625 0.45 0.351706840625 0.31676970625 0.29884447812500003 0.24540163593750003 0.2952614953125 0.2292944796875 0.30131111875 0.21492218593749998 0.2513303234375 0.332814284375 0.25260248750000003 0.3629007703125 0.28156519687500003 0.377714053125 0.30871059375 0.3212887953125 0.31835837968749997 0.45 0.361511390625 0.45
0 0.4283006828125 0.1823440125 0.4159418828125 0.1726538125 0.37430873125 0.18115056875 0.3648707890625 0.20824179531250003 0.3837594734375 0.23510306406249998 0.426470125 0.227866703125 0.4283006828125 0.1823440125
0 0.2333244734375 0.278387325 0.23908849999999998 0.26129775781250003 0.28151355312500004 0.25134412500000003 0.2995975375 0.1986185484375 0.2976632484375 0.189206334375 0.2287809671875 0.19919344375 0.22253668124999998 0.1847396484375 0.19715695312499998 0.1860335203125 0.1934830375 0.1960351796875 0.2003373625 0.26124973125 0.21304664843749999 0.2832659 0.2333244734375 0.278387325
0 0.4833597625 0.45 0.5024790796875 0.40257265000000003 0.4990519171875 0.369965375 0.4439436234375 0.322185328125 0.3673113859375 0.21347985937499997 0.3277943890625 0.1791711984375 0.3104634640625 0.1851136859375 0.30016873125 0.20405309531250002 0.2952614953125 0.2292944796875 0.3034400734375 0.2531604890625 0.4061530078125 0.38522402499999997 0.419498375 0.42228343593749995 0.43965293125000005 0.45 0.4833597625 0.45
0 0.55 0.160818965625 0.531650146875 0.1316458359375 0.512605640625 0.12128468750000002 0.49096471875000003 0.12218559375 0.4574452578125 0.1449396640625 0.44639746406249997 0.210662159375 0.40394636562499997 0.2563333046875 0.445813025 0.32198884687499996 0.4604826453125 0.3176997171875 0.485382109375 0.28486248281250004 0.5382965625 0.28479553125 0.55 0.26326450625 0.55 0.160818965625
0 1 0.095671346875 0.9456439765625 0.09087667187500001 0.9149499515624999 0.1007838609375 0.884518875 0.09730117968749999 0.873649209375 0.10512474375 0.8521728218749999 0.10738200312499999 0.8399140734374999 0.1019893328125 0.7905268171875 0.1088504203125 0.7659646609375 0.1055860296875 0.7518355921875 0.10623591562500001 0.73226919375 0.1266655015625 0.6672298171875 0.14352309218749998 0.6655331312499999 0.1512176796875 0.689093140625 0.1687847765625 0.6810909515625 0.18799891562499998 0.6852631875 0.1959117921875 0.717128003125 0.20508976250000002 0.790427528125 0.1873639953125 0.8456390515625 0.1882421484375 0.8911070421874999 0.2235499796875 0.933578575 0.23829425468749998 0.9269654687500001 0.27072463281250003 0.9390059265625 0.2819862265625 0.9510910406249999 0.28572686875 1 0.2805863296875 1 0.095671346875
0 0.0094920671875 0.5814805562500001 0.010116375 0.6064524953125 0.0259446734375 0.5857603328125001 0.024278881250000002 0.5699113765625 0.0094920671875 0.5814805562500001
0 0.15791450625 0.52181463125 0.123689934375 0.53242229375 0.1198022375 0.5398414218750001 0.1297291578125 0.551817590625 0.15458183125 0.5472024656250001 0.15791450625 0.52181463125
0 0.0454513546875 0.6127536625000001 0.0720401953125 0.57390498125 0.10744518750000001 0.54915221875 0.10772306406250001 0.539107990625 0.0905764984375 0.5218816234375 0.0737767296875 0.5206428437499999 0.06003139843750001 0.5230890390625 0.0466325015625 0.5605514015625 0.0346226140625 0.5668212031250001 0.035385859375 0.586771028125 0.0454513546875 0.6127536625000001
0 0.152010946875 0.6686544515625 0.15367673906249998 0.6845034046875 0.14659566875000002 0.6932596734375001 0.1576333609375 0.7031160906249999 0.289532815625 0.6892529 0.3203557890625 0.67800125625 0.332851775 0.6636683437500001 0.3300752140625 0.6499391421875 0.311401428125 0.6308702890625 0.22927696874999998 0.6234778796875 0.20914525312499999 0.609569771875 0.18387613281249998 0.610222659375 0.1673542375 0.5989396515625 0.15999565625 0.5987115671875001 0.1506930453125 0.6117073375000001 0.1341007734375 0.6505068406250001 0.137224496875 0.6611950484375 0.152010946875 0.6686544515625
0 0.40375710312499996 0.662979228125 0.413434721875 0.6619620703125 0.42445116250000003 0.6603841421875 0.42493135625 0.6569732500000001 0.41350722656250005 0.6493528703125 0.405997978125 0.6497220734375 0.40375710312499996 0.662979228125
0 1 0.45 0.7743398921875 0.45 0.7756177187500001 0.4547154296875 0.7762763828125 0.4676910140625 0.78908956875 0.5661194859374999 0.8208042093750001 0.7940671484375 0.8239038453124999 0.8067861765625001 0.8252892609375 0.8082270953125 0.8316760000000001 0.8086135078125001 0.9050339749999999 0.7987879 0.9869631078125 0.7866511765624999 0.997938584375 0.7837347937500001 1 0.78346896875 1 0.45