0 0.5 0 0.32258384218749997 0 0.3141895328125 0.11102150468750001 0.11195376093750001 0.1715053765625 0.0997586375 0.1715053765625 0.0733358734375 0.14731182812500002 0.020490345312499998 0.1661290328125 0 0.1851994984375 0 0.3476120078125 0.026587906249999998 0.356989246875 0.079433434375 0.3327956984375 0.1282139234375 0.27096774218749997 0.29284806875 0.244086021875 0.28979928906249997 0.3045698921875 0.3070757109375 0.33817204375 0.40870172812499994 0.354301075 0.5 0.3774386703125 0.5 0
0 0.783993484375 0.3102173359375 0.7963391625 0.31098894062500004 0.8071416328125001 0.30571630625 0.8102280515625001 0.3023726859375 0.8109139234375 0.2985146609375 0.8083419062499999 0.2955568421875 0.8019976 0.292599021875 0.7956532921875 0.285268775 0.7903377921875 0.2848829734375 0.786222565625 0.28771219062500003 0.7848508234375 0.29517103906250003 0.7798782578125 0.2965856484375 0.776277434375 0.299286265625 0.7769633062500001 0.3034014921875 0.7793638546875 0.30751671875 0.783993484375 0.3102173359375
0 0.8188262328124999 0.26757466875 0.8119698796874999 0.2562512484375 0.8078560250000001 0.2562512484375 0.8009996703125001 0.261398265625 0.7968859203124999 0.2634570796875 0.8009996703125001 0.2716922984375 0.8078560250000001 0.2727216859375 0.8188262328124999 0.26757466875
0 0.765346440625 0.1872812203125 0.7530051906249999 0.1872812203125 0.7475200859375001 0.19860468125 0.760159496875 0.20322144999999997 0.765346440625 0.1872812203125
0 0.7804306078125001 0.0472823890625 0.7886582125 0.039047171874999995 0.794143315625 0.031841340625 0.8078560250000001 0.0256649359375 0.8037422750000001 0.011253275 0.7996284203125 0.011253275 0.7804306078125001 0.0277237109375 0.7804306078125001 0.0349294640625 0.7804306078125001 0.0472823890625
0 0.063867471875 0.4296875 0.0506140828125 0.44602314062500004 0.0407887546875 0.45039631875 0.0091293671875 0.45185404531250006 0 0.4440522953125 0 1 0.1835127828125 1 0.1832560046875 0.9948569609375 0.191989628125 0.98902605625 0.190897925 0.972991071875 0.196356440625 0.9671601671874999 0.19744814375 0.9394633750000001 0.1865311140625 0.9365479234375 0.18216430156250002 0.91176658125 0.194173034375 0.8884429671875 0.2127319875 0.8694925296874999 0.2181905015625 0.83450710625 0.213823690625 0.7922330546875 0.20618176875 0.7776557937499999 0.2127319875 0.771824890625 0.205090065625 0.7499590015625 0.1952647375 0.7455858234375 0.1952647375 0.7222622078125001 0.20290665937500002 0.6916499640625 0.2203739078125 0.6581222671875 0.2160070953125 0.646460459375 0.2214656109375 0.6406295546875 0.19908569843749999 0.6296966109375 0.18380185625 0.6296966109375 0.1767057859375 0.6143904890625 0.1767057859375 0.5910668734375 0.18161845000000001 0.588880284375 0.18380185625 0.599084365625 0.1832560046875 0.5808627921875 0.19581058906249998 0.5772184765625 0.196356440625 0.5662855328124999 0.1810725984375 0.5662855328124999 0.1887145203125 0.5619123546875 0.191989628125 0.5487928203125 0.1756140828125 0.5313001093749999 0.1734306765625 0.521096028125 0.16142194375000002 0.50651876875 0.158146834375 0.4861106046875 0.14286299062500002 0.464244715625 0.13462838593749998 0.4296875 0.063867471875 0.4296875
0 0.7163149343749999 0.9738451093750001 0.7796266234375 0.9586277171875001 0.784496753125 0.8955842390625002 0.7406655843750001 0.9281929343750001 0.7163149343749999 0.9738451093750001
0 0.8543019484375 0.9108016296875 0.84943181875 0.9303668484374998 0.8835227265625001 0.9194972828125 0.9354707796875001 0.9368885875 0.9955357140625001 0.8999320656249999 0.9906655843750001 0.8847146734375 0.9338474031249999 0.8738451093750002 0.8543019484375 0.9108016296875
0 1 0.7284814484375 0.9176136359375 0.7216711953124999 0.8023538968749999 0.723845109375 0.72443181875 0.7586277171875 0.6432629875 0.7455842390624999 0.5685876624999999 0.7716711953125 0.55073051875 0.8042798906249999 0.5864448046875 0.8347146734375 0.5880681812499999 0.8586277171875001 0.640016234375 0.8455842390625001 0.6822240265625 0.8586277171875001 0.7179383109374999 0.81514945625 0.7406655843750001 0.8368885875000001 0.8413149343749999 0.8281929343750001 0.8705357140625001 0.8499320656249999 0.9094967531249999 0.8194972828125 0.9711850656250001 0.8368885875000001 0.9971590906250001 0.81514945625 1 0.81514945625 1 0.7284814484375
0 0.8202110390625 0.8564538046875001 0.7926136359375 0.8586277171875001 0.784496753125 0.8955842390625002 0.7406655843750001 0.9281929343750001 0.7098214281249999 0.9825407609374999 0.75689935 0.9586277171875001 0.7861201296875 0.9673233703124999 0.778003246875 0.9434103265625 0.78774350625 0.9042798906249999 0.84943181875 0.8738451093750002 0.8445616890625001 0.8542798906249999 0.8202110390625 0.8564538046875001
0 0.5458603890625 0.7064538046875001 0.5620941562499999 0.7412364124999999 0.5637175328125 0.7173233703124999 0.5442370125 0.699932065625 0.528003246875 0.7086277171875001 0.5458603890625 0.7064538046875001
0 0.6075487015625 0.728192934375 0.62540584375 0.704279890625 0.62540584375 0.6564538046875 0.6124188312500001 0.6434103265625 0.5864448046875 0.6825407609375 0.6075487015625 0.728192934375
0 0.659496753125 0.6977581515625 0.7033279218749999 0.7086277171875001 0.6643668828125 0.6434103265625 0.63189935 0.6868885875 0.640016234375 0.7455842390624999 0.6578733765625 0.7347146734375001 0.659496753125 0.6977581515625
0 0.5246550328125 0.4296875 0.5 0.45670084062500005 0.5 0.5731204703125 0.5653409093749999 0.6064538046875001 0.6156655843750001 0.5955842390624999 0.5815746749999999 0.5368885875 0.5458603890625 0.5455842390625 0.521509740625 0.504279890625 0.5400771093750001 0.4296875 0.5246550328125 0.4296875
0 0.8396915578125 0.43471467343750003 0.8364448046875002 0.48254076093750004 0.81209415625 0.5412364125 0.75040584375 0.4803668484375 0.7390422078125 0.5086277171875 0.7585227265625 0.5434103265625 0.7357954546875 0.5608016296875 0.8835227265625001 0.5542798906249999 0.8948863640625 0.526019021875 0.8689123375 0.5216711953125001 0.8591720781250001 0.452105978125 0.8396915578125 0.43471467343750003