0 0 0.2174928515625 0.02175648125 0.21578317187499998 0.0266472390625 0.1990901078125 0.0056030078125 0.181004440625 0.0600221046875 0.107165221875 0.037795434375 0.09555874375 0.02832695625 0.072657771875 0 0.1109451875 0 0.2174928515625
0 0 0.3199897453125 0.12928708125 0.3642981265625 0.15259959218750002 0.36389120625000004 0.1653899875 0.3544414515625 0.146710634375 0.32339740781250004 0.008588646875 0.27783055 0 0.26750106093750003 0 0.3199897453125
0 0.07774441875 0.1576016140625 0.07806641875 0.1760489890625 0.170786984375 0.29252971250000004 0.15048335156249998 0.3168730078125 0.1600484296875 0.345308190625 0.2041797734375 0.3500737734375 0.25061159375000003 0.33819150625 0.2704000265625 0.2843324125 0.25722323125 0.2716453171875 0.2195836859375 0.2676890703125 0.11778104375000001 0.1504442234375 0.09702661093750001 0.14896119375 0.07774441875 0.1576016140625
0 0.3796875 0.1414134890625 0.350616353125 0.1297723734375 0.29622049375000004 0.13072185625 0.26664158437499996 0.14323260468750001 0.266866984375 0.156145765625 0.3035494921875 0.179494365625 0.24978335624999998 0.36496280625 0.2592840328125 0.3897085140625 0.29039957968749996 0.391010690625 0.30968177343750003 0.3823702703125 0.3658449890625 0.18578819062500002 0.3796875 0.18371618437499998 0.3796875 0.1414134890625
0 0.2304055390625 0 0.2064122078125 0.0326432921875 0.1444387109375 0.044796840625 0.1384621140625 0.0735033046875 0.155476028125 0.08335547343750001 0.2226622828125 0.0729562359375 0.256657909375 0.090815834375 0.28000261875 0.09225365156250001 0.31984604375000003 0.0740278359375 0.3311642 0.0544546328125 0.3320568390625 0.03137280625 0.3135062859375 0.007707715625 0.3022736921875 0 0.2304055390625 0
0 0 0.179903825 0.0081610859375 0.1791144890625 0.0421799515625 0.12408435312499999 0.011064403125 0.122782178125 0.025198237499999998 0.116076921875 0 0.11115144531250001 0 0.179903825
0 0.0890649234375 0 0.0624102234375 0.0213171109375 0.021996159374999998 0.081072125 0.0247796375 0.092095334375 0.05221906875 0.10545612499999998 0.1274337578125 0.1096791453125 0.1570126671875 0.0971683984375 0.15419698906249998 0.0843004484375 0.13324935625 0.07174899375 0.135292234375 0.0403432453125 0.148035853125 0 0.0890649234375 0
0 0.3796875 0.41875 1 0.41875 1 0.26624738593749997 0.9932250249999999 0.2522171453125 0.947318321875 0.25143593124999997 0.5788968890625 0.2689443859375 0.3796875 0.274125015625 0.3796875 0.41875
0 1 0 0.3796875 0 0.3796875 0.2674012546875 1 0.244862228125 1 0
0 0 0.41875 0 0.8651640171875 0.0015539359375000002 0.8692206406250002 0.0413448296875 0.964764525 0.0920980015625 0.9986312109375 0.13804639999999999 0.987135996875 0.186840353125 0.9087591843750001 0.20829850625000002 0.7586804859375 0.190292340625 0.64671688125 0.15372018437499999 0.5056710437499999 0.11626174843749999 0.4287997703125 0.1067142015625 0.41875 0 0.41875
0 0.6297693046875 0.41875 0.6233393578124999 0.42395900781250007 0.48236493124999996 0.43676612812500004 0.42973272187500006 0.45492883281249996 0.3804324140625 0.495450584375 0.4048007734375 0.5433084499999999 0.45530469374999993 0.5717417109375 0.5142396265625 0.5776106000000001 0.6198651296875 0.5619716953125 0.7250693671875 0.5221985359375 0.8425179671875 0.509802059375 0.8780474312500001 0.5229770953124999 0.8954510796874999 0.508878109375 0.8836045078125 0.41875 0.8475485093749999 0.41875 0.8297319796875 0.451395621875 0.7808075234375 0.41875 0.7461427374999999 0.41875 0.7235046687500001 0.43255701718750006 0.6731591671875 0.41875 0.6297693046875 0.41875
0 0.8492407953125 0.41875 0.8394869671875 0.5046817640625 0.8927209843749999 0.5209965671875001 0.8933610078124999 0.7261890624999999 0.9196771125 0.717107709375 0.9190972703125 0.515362965625 0.9187508890625 0.41875 0.8492407953125 0.41875
0 0.6006340953125 0.6399054 0.615548371875 0.6517158734375 0.5774091703125 0.6575547984375 0.6160298171875 0.679297878125 0.6747842078125 0.6748235171875001 0.7134048515625 0.6965665984375 0.5927447109375 0.6934995265625 0.5783720625 0.712718809375 0.6051094328125 0.7277717109375 0.87565645625 0.7230492953125001 0.889427296875 0.6693525078125 0.8126072718749999 0.6500005984375 0.8918564890624999 0.6399952953125 0.893984778125 0.59339933125 0.8672474093750001 0.5783464281249999 0.8264382937499999 0.5997515609375 0.7144498875 0.5879111203124999 0.6006340953125 0.6399054
0 0.4749350296875 0.6852094984375 0.510163590625 0.6811457796875 0.4215806515625 0.6619991953125 0.3953247265625 0.6745282984375001 0.3900450765625 0.7091084671875001 0.416722265625 0.72071361875 0.4749350296875 0.6852094984375
0 0.47073863281249995 0.781849178125 0.5176699265625 0.7741323875 0.46746690937499996 0.7629378796875 0.47073863281249995 0.781849178125
0 0.5003866390625 0.7951268765625 0.44460306875000005 0.801273784375 0.47140062031249996 0.8197744374999999 0.5183920953125 0.815505396875 0.5003866390625 0.7951268765625