0 0.44187695781249997 0 0.37616490625 0.05468055468750001 0.34675774531250003 0.047472621874999996 0.3304589328125 0.054537928125 0.3609694015625 0.0945267984375 0.3851527359375 0.1073251078125 0.4183020125 0.1095849640625 0.36327358125 0.21658703125 0.3402692328125 0.2298850140625 0.3148421734375 0.2292665640625 0.32748549531250004 0.2520561875 0.3512794828125 0.266686234375 0.394260021875 0.2796510203125 0.41391160156250006 0.2694693765625 0.40376667343749995 0.25391153593750004 0.4094555265625 0.239804775 0.47828437968750004 0.11850561875000001 0.47553705625 0.068144775 0.44683290937500003 0.06395801718750001 0.425861925 0.093004165625 0.4130672421875 0.0835838390625 0.511678796875 0 0.44187695781249997 0
0 0.25000344218750004 0.16092154375 0.2268367875 0.1559973203125 0.1936118296875 0.1604221109375 0.1639019453125 0.17995276875 0.16515661406249998 0.1993644125 0.21391263125 0.22312929218750002 0.2858681359375 0.3465929015625 0.3060713703125 0.3528017265625 0.327204659375 0.34197778125 0.3204881796875 0.31661895625 0.25282644374999996 0.2045977421875 0.265458821875 0.1957958625 0.267167575 0.17509961875 0.25000344218750004 0.16092154375
0 0.260138353125 0.3727130421875 0.277151125 0.4002604140625 0.3126474328125 0.42312135 0.358277725 0.42994862500000003 0.36693 0.41455726249999997 0.350230896875 0.391862803125 0.4209526921875 0.331272615625 0.4016038359375 0.3147156671875 0.397461428125 0.289903978125 0.3103651390625 0.364244121875 0.2650485125 0.36226975625 0.260138353125 0.3727130421875
0 0.3658121015625 0.509375 0.331077175 0.48830256875 0.3083646078125 0.44327045781249996 0.283013228125 0.4359673609375 0.2412116765625 0.4490988640625 0.21977566249999997 0.4866614 0.2323768078125 0.509375 0.3658121015625 0.509375
0 0.533134140625 0.509375 0.46823794531249996 0.387271296875 0.4480347125 0.38106247187500003 0.42697710312500003 0.38520176875 0.423083625 0.40351913906250003 0.47367046406249996 0.509375 0.533134140625 0.509375
0 0.6 0.27629838125 0.5828593953125 0.2910216203125 0.518745565625 0.28888077968750003 0.50627549375 0.3159048640625 0.5208655531249999 0.329535803125 0.5897381796875 0.3346026546875 0.6 0.3434279578125 0.6 0.27629838125
0 0.3178603140625 0.385939471875 0.35319431562500003 0.39057820312499997 0.39943005625 0.3439282953125 0.36893053125 0.3355309265625 0.384450646875 0.3321290953125 0.359877965625 0.3211625234375 0.30997579062499997 0.366075859375 0.3178603140625 0.385939471875
0 0.47886886406249995 0.22967059375 0.442918471875 0.24691754375000002 0.38927418281250004 0.29677895312499997 0.38951216718750004 0.3083165140625 0.4136198234375 0.3277994703125 0.4870998859375 0.349161625 0.51923248125 0.34354739843750004 0.5193838421875 0.330178103125 0.5015166953125 0.3129788546875 0.51070968125 0.28238646093750003 0.5885044734375 0.150548853125 0.589748196875 0.1383689953125 0.5769535140625 0.12894866562500001 0.5490280640625 0.12109843281249999 0.5356926718749999 0.12687913906249998 0.47886886406249995 0.22967059375
0 0.6 0.0691515328125 0.5710047874999999 0.06833486562499999 0.5436200437500001 0.0452835984375 0.518268665625 0.037980501562500005 0.4942476359375 0.043404399999999996 0.476164390625 0.077850596875 0.4813991609375 0.1038517234375 0.5047281203125 0.126998153125 0.5223572812499999 0.1326598421875 0.5372500625 0.11955218906250001 0.5701613546875001 0.1102744890625 0.6 0.11111491250000001 0.6 0.0691515328125
0 0.6433384796875 0 0.630197425 0.07731127812500001 0.600706128125 0.1696607734375 0.6 0.17298284531250002 0.6 0.509375 0.632004025 0.509375 0.6470034453125 0.46220668906249995 0.660373971875 0.39930330468749997 0.66279706875 0.302843921875 0.7101185203125 0.19620436562500002 0.718030809375 0.1937770859375 0.7419919109374999 0.22023742343750002 0.762101246875 0.2261554296875 0.7738272296875 0.221251509375 0.779695871875 0.20524076562500002 0.78686349375 0.1599207125 0.77839270625 0.1301784046875 0.7539605421875 0.09046886562499999 0.7480651296875 0.05634306875 0.75350715 0 0.6433384796875 0
0 1 0 0.8950350953124999 0 0.8637226765625 0.1926939796875 0.81744208125 0.3176347546875 0.788421846875 0.42323345312500005 0.7559177515625001 0.509375 0.8950281109375 0.509375 0.920640275 0.388879240625 0.9305158921875 0.24962580937499998 0.94722905 0.17099658125 0.9672241796875 0.1078576671875 0.9933121828125 0.0624501765625 1 0.04227556875 1 0
0 0.6 0.753754659375 0.5236004796875 0.73603086875 0.496395478125 0.7170991921875001 0.44640703437499996 0.7048301859375 0.405842803125 0.721684325 0.4227082390625 0.735130990625 0.4225601421875 0.7474267703125 0.45458162812499997 0.7591640500000001 0.5691447703125 0.776940659375 0.596448503125 0.7876751515625 0.6 0.791654803125 0.6 0.753754659375
0 0.6 0.9401446421875 0.5584031640625 0.93573363125 0.46929757031249997 0.898713675 0.33867431875 0.8791670187499999 0.3020338109375 0.8582297609375 0.1899473109375 0.8442668484375 0.09006915625 0.81153165 0 0.7953553531249999 0 0.8596711656250001 0.056156298437499995 0.8782867968750001 0.13645684375 0.8871370328125 0.174100140625 0.9033565343750001 0.2904713984375 0.928092009375 0.3384161953125 0.92677755 0.3832538890625 0.9478135359375 0.4069794578125 0.9676492718749999 0.48694573906249994 0.9780720921875 0.5434219828125 0.9752837781250001 0.6 0.9862190234374999 0.6 0.9401446421875
0 0 0.509375 0 0.5148999671875 0.0223254515625 0.5193580671875 0.1234038578125 0.530981140625 0.16171568125 0.5440554734374999 0.18192375 0.5417762921875 0.27413644531250003 0.5564458015625 0.3218837765625 0.5715257140625 0.3873625328125 0.58051275 0.4127594171875 0.5924855625000001 0.50507084375 0.5989578875 0.5767412078125 0.6174791609375 0.6 0.61346108125 0.6 0.541884884375 0.559238053125 0.533220665625 0.5594273015625 0.5365481609375 0.5417946078125 0.5344438499999999 0.535248990625 0.5281216328125 0.44705301718749996 0.509375 0 0.509375