0 1 0.509375 1 0 0.9326866593750001 0 0.9328378390625 0.003652975 0.92656385 0.0032142546875 0.9289359375 0.036912515624999996 0.884067465625 0.3179178671875 0.8786744390625 0.4852026875 0.8749384109375 0.509375 1 0.509375
0 0.8385719156250001 0.509375 0.87234048125 0.237679025 0.8714281015625 0.19437609218750002 0.8027826671875001 0.18428135 0.7819009640625 0.189880609375 0.7762550515625 0.16918988906250002 0.785080021875 0.1556880921875 0.7766655453125 0.1295091875 0.76314910625 0.1312113203125 0.7249336968750001 0.4973953 0.723764553125 0.509375 0.8385719156250001 0.509375
0 0.7214406656250001 0.509375 0.7522223328125 0.1860404140625 0.723824515625 0.22023432656250003 0.6909354046875 0.3750072578125 0.6497860531249999 0.377424403125 0.63874258125 0.509375 0.7214406656250001 0.509375
0 0.5715224015625 0 0.5685268515625 0.038354634375 0.591654671875 0.0681931765625 0.6000202765625 0 0.5715224015625 0
0 0.40978378437499996 0.509375 0.41111517812500004 0.41891715312500005 0.4028298296875 0.509375 0.40978378437499996 0.509375
0 0.42921034531249996 0.509375 0.43537515625 0.410030634375 0.4158327359375 0.415334315625 0.41320218750000004 0.509375 0.42921034531249996 0.509375
0 0.4397396203125 0.509375 0.44261902343750004 0.34220073906250004 0.43045733437500006 0.509375 0.4397396203125 0.509375
0 0.46854379531249996 0.509375 0.4773633765625 0.30537319375 0.45968561250000006 0.32353945 0.44920693125 0.509375 0.46854379531249996 0.509375
0 0.49658691250000003 0.509375 0.5126150578125 0.184370275 0.48412768437500003 0.509375 0.49658691250000003 0.509375
0 0.46749614375000004 0.509375 0.518944903125 0.14953634375 0.49056648437499994 0.1337700546875 0.466943671875 0.509375 0.46749614375000004 0.509375
0 0.5318468609375 0.509375 0.5359385156250001 0.42770386875 0.5295697578125 0.40608017343749997 0.5428439578125 0.3064112328125 0.5441001046875 0.2659072328125 0.5176953 0.2490594984375 0.509224740625 0.2687630984375 0.49543820937500005 0.509375 0.5318468609375 0.509375
0 0.5733678578125 0.509375 0.5860250062500001 0.320019921875 0.5827792234375 0.3100862109375 0.5611886984375001 0.303281865625 0.55165490625 0.3043800609375 0.545366896875 0.31541196562499996 0.5353525046875001 0.41354399218750004 0.52996646875 0.509375 0.5733678578125 0.509375
0 0.3890625 0.509375 0.3890625 1 1 1 1 0.9845237671875001 0.9851841468749999 0.9705287890625 0.9712474984374999 0.8895273703125 0.9475602234375 0.8478575562499999 0.8853781218750001 0.8561451828125 0.8673381531250002 0.8338240015625 0.8160089234375001 0.847082475 0.7608652765625 0.8348025734375 0.7272787328125 0.79454650625 0.6982372484375 0.7293366171875 0.6737450109375 0.719200071875 0.6649438 0.68488910625 0.637958165625 0.6703662640625 0.5744508546875 0.5774746453125 0.5662358328125 0.5347807859375 0.5281042312500001 0.5194785421875 0.5168956984374999 0.509375 0.3890625 0.509375