0 0.65 0 0.4114387671875 0 0.46621609375000006 0.003294290625 0.531739521875 0.0379973953125 0.4990710765625 0.043835909374999996 0.4387850859375 0.0395600640625 0.42549797656250005 0.053617040625 0.41368258906250005 0.1018264203125 0.458601671875 0.1559988328125 0.4399872828125 0.1725865921875 0.46895219062500004 0.185933265625 0.47596538906249997 0.21551693125 0.5235464984375 0.25 0.6214961609375 0.25 0.6461688015625 0.23340603125 0.6349614906250001 0.2116234171875 0.65 0.2109194859375 0.65 0
0 0.65 0 0.65 0.25 0.78350015625 0.25 0.76304575625 0.112967959375 0.7640772874999999 0.103153596875 0.7930469953125 0.088006675 0.8154912453125001 0.0639049171875 0.8326134968750001 0.019398234375 0.8326557484375 0 0.73537556875 0 0.7364357484374999 0.0109433421875 0.7104102890624999 0 0.65 0
0 0.41356696406250004 1 0.376971653125 0.9655548171875001 0.3912047078125 0.9354310140625 0.3860157859375 0.9095898312500001 0.44012589843749994 0.898676659375 0.47431625781250003 0.8666979843749999 0.4623324328125 0.8077323765625 0.445624640625 0.801233353125 0.35839010312499997 0.818941428125 0.326627490625 0.850384775 0.302392290625 0.8628569374999999 0.290300546875 0.902691728125 0.2881686796875 0.9530592718750001 0.2704794921875 0.9859817968750001 0.2696195375 1 0.41356696406250004 1
0 0.3805916875 0.434723375 0.3638416265625 0.4211054640625 0.354994671875 0.42254709375 0.3232367828125 0.48402970781249993 0.31608506875 0.5370316203125001 0.30608764375 0.5494192453125001 0.29394890937499996 0.5520958828125 0.29230537968750003 0.56773301875 0.281359384375 0.5665825484375 0.27202409375 0.602754584375 0.2788142734375 0.60583974375 0.2759357375 0.6181851 0.2849893140625 0.6222986453124999 0.28919683906250004 0.687561375 0.3142632484375 0.727349175 0.366030153125 0.731209109375 0.4191916953125 0.7067578421875 0.513916096875 0.6929989609375 0.552055646875 0.653530421875 0.5522152765625 0.62192744375 0.533859234375 0.6010262921875 0.5428282734375001 0.5909020593750001 0.5180952921875 0.5780260984375 0.5006032828125 0.5564252656249999 0.493845925 0.5003804640625 0.46730034062500003 0.4746660859375 0.4473853046875 0.48363984687499995 0.395205159375 0.46866956562500006 0.382817534375 0.45867214062499995 0.3805916875 0.434723375
0 0.60379015 1 0.6029681859375 0.9814030703124998 0.5792213234375 0.9591448265625001 0.5390578265625 0.9501805093750001 0.5159355484375 0.9746270531250001 0.50256180625 0.9740119109375 0.5062668296874999 0.9838872515624999 0.4981195546875 0.9861929125 0.493531696875 1 0.60379015 1
0 0.62472865 0.9323080812499999 0.6105754125 0.9466303953124999 0.6144072421875 0.9778623984374999 0.6305797046875 0.981933675 0.64501938125 0.9573650468749999 0.6465783734375 0.9274901343749999 0.6413519046875 0.924569328125 0.62472865 0.9323080812499999
0 0.6030385593750001 0.90552305 0.594435771875 0.889599475 0.565218271875 0.881785628125 0.55793503125 0.8833916109375 0.555756175 0.8966010000000001 0.5591324921874999 0.90960376875 0.5722996124999999 0.9046637375 0.5887632359375 0.9285279640624999 0.6030385593750001 0.90552305
0 0.43820065625 0.9545993765624999 0.449437809375 0.9755427984375 0.4693951125 0.9736879265624999 0.481735746875 0.9465271968749999 0.48020958125 0.9234424671875001 0.43708300937500005 0.9125857296875001 0.42585057812500005 0.921681575 0.42556413906249996 0.931927890625 0.4391867734375 0.945217096875 0.43820065625 0.9545993765624999
0 0.5819118984375 0.7981668562500001 0.585945628125 0.80491476875 0.593393221875 0.801745071875 0.5943370703124999 0.785243903125 0.582198334375 0.7879205390624999 0.5819118984375 0.7981668562500001
0 0.5232747703125 0.54378875 0.5524922703125 0.551602596875 0.55705660625 0.530738990625 0.54763205625 0.5226339875 0.5304312046875 0.5208261046875 0.5232747703125 0.54378875
0 0.65 0.3128915609375 0.6219105890625001 0.2822258796875 0.60116906875 0.26897894375 0.57351528125 0.26132944999999996 0.5619964109375 0.2806716109375 0.49533432031249996 0.28315106874999996 0.45723231562500005 0.29969922968749996 0.43279521406250004 0.336655484375 0.444567696875 0.3600266515625 0.4768703578125 0.361050315625 0.46765714999999997 0.38853974999999996 0.43630306093750004 0.40105418125 0.4411210078125 0.42290390312500004 0.5125587781250001 0.43515527968749995 0.5337088203125 0.4294733 0.5561784078125 0.441320875 0.5705805359375 0.43967262500000004 0.594937821875 0.41851785937499997 0.61452415 0.412671528125 0.6343546484375 0.389459990625 0.65 0.3877894328125 0.65 0.3128915609375
0 0.32147335 0.25 0.317686103125 0.25104109218750004 0.29831111718750003 0.292481865625 0.2992644109375 0.336059228125 0.30832270781250004 0.3702120375 0.294916140625 0.42255653750000005 0.2954139203125 0.44790466250000005 0.301546690625 0.4572446765625 0.324673690625 0.46283739687500003 0.3426540375 0.44970782343749993 0.3517827078125 0.4079806125 0.3655274234375 0.412587215625 0.3302147 0.37251297812499995 0.34148940156249996 0.370536021875 0.345231971875 0.357490984375 0.3521865078125 0.3590124296875 0.3694577296875 0.284940290625 0.3691243015625 0.258028453125 0.3716264125 0.25 0.32147335 0.25
0 0.29213630625000003 0.539257465625 0.278311771875 0.550452353125 0.2776966296875 0.5638260953125 0.28000229375 0.5719733703125 0.2858016359375 0.5544015453125001 0.3008611765625 0.5464984390625001 0.31238004531249997 0.5271562796875 0.31578918906250003 0.487199403125 0.301387059375 0.4888476546875 0.28809785468750004 0.5024702875 0.2829981921875 0.5209061453125 0.29213630625000003 0.539257465625
0 0.263426028125 0.6168702765624999 0.2643698765625 0.6003691046874999 0.249432421875 0.5995896093749999 0.251245025 0.6124280265625 0.22762968749999998 0.6415657109375 0.18394440781250002 0.7413194015625 0.1715662265625 0.7914005078125 0.17749237499999998 0.7951853468750001 0.19489512656250002 0.7725091374999999 0.2219618734375 0.7105334640625001 0.25429735781249996 0.6585974875 0.281209196875 0.658264059375 0.280054003125 0.6391707890625 0.263426028125 0.6168702765624999
0 0.27314645937500004 0.674807496875 0.268046796875 0.69324335625 0.25789446250000003 0.7672732250000001 0.260819990625 0.792086021875 0.2535039234375 0.8466516484375 0.2559786609375 0.883274475 0.2619470796875 0.8941782015624999 0.2702164359375 0.8831899374999999 0.28229873906249997 0.783276615625 0.28821072187499996 0.6969436578125 0.28075840625000004 0.6700740890625 0.27314645937500004 0.674807496875
0 1 0.6686924140625 0.9233950109375 0.657791403125 0.8931913921875001 0.6593598375 0.8684208640625 0.669404253125 0.8434014453125 0.66677460625 0.7870279375 0.676659390625 0.65 0.6683189125 0.65 0.7094980343749999 0.823495853125 0.7358268984375 0.8648943578124999 0.74808299375 0.8932900937499999 0.7637154109375001 0.9732038453125 0.7705336968750001 1 0.7677699437500001 1 0.6686924140625