0 0.0557300140625 0 0.173742984375 0.41853122656249997 0.1481923421875 0.44131276250000007 0.14840725 0.48392789531249997 0.1104665140625 0.51964525625 0.12772566093749999 0.536676428125 0.17904185 0.5337284906249999 0.3776503171875 0.4743632125 0.42591613281249996 0.42786599843750006 0.41408158124999994 0.4012768015625 0.37127179374999997 0.4070271671875 0.3207574875 0.38187639375 0.213470040625 0 0.0557300140625 0
0 0.7153830921875001 0.5890625 0.70363856875 0.5564094500000001 0.6859708140625 0.5524581890625 0.649976796875 0.5642179484375001 0.6577921453125001 0.5890625 0.7153830921875001 0.5890625
0 1 0.3443475484375 0.8924751875 0.34359337968750003 0.71076929375 0.3582578828125 0.6756595062499999 0.31408833281250004 0.6392327046874999 0.30924334375 0.6199186812499999 0.3544477828125 0.630812953125 0.41301126562499996 0.60561900625 0.4123292171875 0.5901245078125 0.44683229375 0.5885015640625 0.3845644890625 0.5734585109375 0.346533509375 0.5441251140625 0.3218145609375 0.5114049765625001 0.324401721875 0.4912207171875 0.3586813671875 0.48913233125 0.435801721875 0.4796875 0.4508477984375 0.4796875 0.5890625 0.48477508281250004 0.5890625 0.535799565625 0.496587771875 0.568303309375 0.48569823593750006 0.5855429437499999 0.450760046875 0.6054874859374999 0.519601534375 0.6206480640625001 0.5172142984375 0.630022925 0.5399458640625 0.6660169421875001 0.5281861046875 0.6677667421875 0.5054662921874999 0.6782328953125 0.525140325 0.6921939859374999 0.5216594359375 0.6809704578125 0.47292709374999997 0.66995399375 0.47706652812500006 0.6662473296875 0.46963437656250007 0.6884966484375 0.46965788125 0.7094429484375 0.44215184531249996 0.7338748546874999 0.43606028593749996 0.7884068624999999 0.439176584375 0.8699908140625 0.42440630468749996 0.9321572093749999 0.4284045765625 1 0.41973996874999997 1 0.3443475484375
0 1 0.21211638906250002 0.9891348453125002 0.21086117343750002 0.8183372203125 0.21723505312500002 0.8047053843749999 0.21088480468749998 0.80568848125 0.20367608593750003 0.7788575953125 0.207580334375 0.76882889375 0.18222634843750002 0.73861593125 0.1911520078125 0.7346835437499999 0.219986884375 0.7477557375 0.294720003125 0.7588757328125 0.31701645625 0.7816660359375 0.3377958984375 0.8274816921875001 0.29851834843749997 1 0.2957128515625 1 0.21211638906250002
0 0.794939546875 0 0.7951514515625 0.0015732578125 0.828850021875 0.014062078124999999 0.8526187546875 0.0499175 0.8718152546875 0.045131275 0.9299317343750001 0.11838263906249999 0.9989564828125002 0.1833433828125 1 0.1840130015625 1 0.10399046875 0.9080396437499999 0 0.794939546875 0
0 1 0.1834988390625 0.8525058937499999 0.0680510140625 0.8271048859375 0.014497189062499999 0.8098745812499999 0.004865975 0.79536784375 0.00987563125 0.767765590625 0.051575675 0.7600136749999999 0.0911119140625 0.7656772046875 0.128696028125 0.7845397843749999 0.15602564531250002 0.8035152234374999 0.16522174843749998 0.8209665874999998 0.1608706359375 0.8379851625000001 0.1399147734375 0.9335115437500001 0.2108024078125 1 0.20532983124999998 1 0.1834988390625
0 0.8738336656250001 0.3022814359375 0.864670534375 0.31013694531249997 0.9053449828125 0.343170021875 0.9713309046875 0.33646693125 0.925858496875 0.29905923749999996 0.8738336656250001 0.3022814359375
0 0.6088287859375 0 0.5940280031249999 0.0350063109375 0.59336483125 0.0769532921875 0.614513528125 0.12460373281249999 0.6353423015625 0.13751591093749999 0.6715527109374999 0.1340585265625 0.7275994671875 0.1952914421875 0.74461804375 0.1743355796875 0.764468384375 0.1721717765625 0.81288541875 0.21023801406249998 0.8327357609374999 0.2080742109375 0.8245603906250001 0.1864363 0.772653084375 0.149240284375 0.760879246875 0.1243214109375 0.72838483125 0.09064154375 0.7454034078125 0.06968568281250001 0.734725528125 0.019424575 0.7245691390625 0 0.6088287859375 0
0 0.8160719734375 0.5890625 0.7874051062499999 0.53552410625 0.736146978125 0.5232352140625001 0.745079721875 0.57393143125 0.7527800859375 0.5890625 0.8160719734375 0.5890625
0 0.712006103125 0.181073928125 0.671769103125 0.14236089999999998 0.6318520281250001 0.1383861328125 0.6151673718749999 0.12722615312500002 0.5992494171875 0.10055508124999998 0.5918454171875001 0.0411213765625 0.5754853484375 0.0424149578125 0.5626108875 0.065123015625 0.5621687718749999 0.093087671875 0.588552878125 0.1394327765625 0.5905097421875001 0.169584740625 0.5396610749999999 0.2853241 0.558199065625 0.30020015624999996 0.547507190625 0.31679314999999997 0.5745498046875 0.3434759765625 0.5935159140625 0.39724148125 0.6182724109375 0.40360348437500004 0.62569040625 0.3961830859375 0.6188273875 0.357505315625 0.632252159375 0.3109837890625 0.6449055625 0.30225805625 0.6750056640625 0.3114659125 0.7094616078125 0.353013040625 0.7666136515625 0.3443343203125 0.7418664859375 0.293402915625 0.7325009578125 0.22610194843750003 0.712006103125 0.181073928125
0 1 0.5058005718749999 0.897024096875 0.49565853125 0.852864040625 0.441210978125 0.8368332265625 0.43267341875 0.7796811828125 0.441352140625 0.7954909390625 0.46387202656250004 0.7921088640624999 0.4688934359375 0.7580857046875 0.44395105468749996 0.7095511453125 0.4463030328125 0.7012582500000001 0.46508333593750006 0.709428953125 0.5090059484375 0.8291755125 0.5432149484375 0.8470643265625 0.5331838828125 0.8988864015625001 0.5890625 0.963603828125 0.5890625 0.9409630984374999 0.5640884140625 0.93518670625 0.5446378125 0.9460903093749999 0.5586318921875 1 0.580640078125 1 0.5058005718749999
0 0 0.9417021296874999 0.0197326890625 0.9829018671875 0.0336913578125 0.9856194296874999 0.045160465625 0.97124956875 0.0412227734375 0.9377004765624999 0.0845738 0.9198085984375 0.1266867671875 0.88274645 0.1210863796875 0.8425286578125 0.09985566875 0.8070933515625001 0.0682062375 0.772484909375 0.0234250015625 0.7455776296875001 0 0.7520001453124999 0 0.9417021296874999