0 0.25226051250000003 0.10598001718750001 0.223531828125 0.082569390625 0.1747809796875 0.0737558890625 0.13095965468749998 0.09336433125 0.093216540625 0.139890271875 0.073202053125 0.1951685515625 0.0705852546875 0.24510002812499998 0.08471194843749999 0.3021675703125 0.12099846562500001 0.36509039374999996 0.147920425 0.38214775625 0.19174558749999998 0.38287989218749996 0.2211246328125 0.373467071875 0.26805724375 0.3149055796875 0.28561080781250003 0.2657569046875 0.28822760625 0.215825428125 0.2819820078125 0.1716880703125 0.25226051250000003 0.10598001718750001
0 0.9127632640625001 0.13615873125 0.9123228609374999 0.132271834375 0.9097749687500001 0.1276305203125 0.9085622499999999 0.1220932234375 0.9055693015624999 0.11775056875 0.9052345203125001 0.1077515 0.9011106671875 0.0983588140625 0.892408596875 0.08824321874999999 0.8805238124999999 0.0815026546875 0.8697890890625001 0.0773982390625 0.841624090625 0.061754848437499996 0.819230875 0.054785545312499996 0.798726378125 0.0527449953125 0.7824322031250001 0.0563988390625 0.76343868125 0.058301293750000004 0.752119621875 0.06124991875 0.7498775078125 0.0630643234375 0.7375215328125 0.0653146359375 0.7177922203125 0.077160053125 0.7033409328125 0.082520403125 0.696467790625 0.08666798125 0.6745898140625 0.09035117499999999 0.6606125859375 0.098956215625 0.651526334375 0.10846154999999999 0.64380658125 0.1185214765625 0.638112503125 0.1288485578125 0.6366717078125 0.1358567109375 0.637918084375 0.1407518015625 0.6480707984375 0.1498164765625 0.6735869359375 0.16274516875 0.6865881234375 0.17276408906250001 0.69147444375 0.17784994062499998 0.7142239234375001 0.190311653125 0.7174309859375001 0.194665528125 0.7270951359375 0.1987138375 0.7389630921875 0.205775503125 0.74388306875 0.21021915 0.7595546000000001 0.2184461078125 0.7732654421875 0.227214278125 0.7781685921875 0.231979028125 0.7931977765625 0.24017232187499998 0.7988465671875 0.2409513390625 0.8044663515625 0.2381870046875 0.8109664046875 0.2288681171875 0.820334084375 0.21808959374999998 0.8313502343750001 0.22092081718749998 0.845539790625 0.228748125 0.8505317343750001 0.2277218015625 0.8518187484374999 0.22569635156249998 0.8526171999999999 0.21865453437500001 0.8580223281249999 0.20155063125 0.8659875249999999 0.1929525 0.8670459218750001 0.1891441515625 0.8708251453125 0.182580534375 0.8798655671875 0.16985295 0.8821459890625001 0.1632107828125 0.8868658140625 0.1550865375 0.8884870640625 0.148731809375 0.8897404218750001 0.14734856406250002 0.89400588125 0.1478940921875 0.8960843656249999 0.145105159375 0.9070256796875 0.141170784375 0.9119816406249999 0.14287944531250002 0.9127632640625001 0.13615873125
0 0.4895710828125 0.8558377281249999 0.451250946875 0.8738221312500001 0.45463123593750004 0.8922534687500001 0.4711471171875 0.8922497828125 0.48373754687500004 0.8842171499999999 0.4895710828125 0.8558377281249999
0 0.4416589328125 0.8246416125 0.4488701296875 0.8363197453125 0.46365228125 0.836225196875 0.47085979062499994 0.8313874468750001 0.47003466875 0.8139592671875 0.46063175 0.7943430499999999 0.451232515625 0.7912427171875 0.4408338109375 0.8072134328124999 0.4416589328125 0.8246416125
0 0.386539271875 0.7982832484375 0.36765362968750004 0.8103321984375 0.3695727703125 0.823471478125 0.382530328125 0.8250198015624999 0.3899195609375 0.8167145859375001 0.386539271875 0.7982832484375
0 0.41247650468749997 0.9004751953125 0.38647421406250004 0.9156281609375 0.38757191875 0.9278551453125001 0.39614971718750003 0.9300431828125 0.41768138749999995 0.9172636593749999 0.41247650468749997 0.9004751953125
0 0.406650340625 0.9618863828125 0.4146756 0.9414450453125 0.410659284375 0.9351498312500001 0.38584187187499996 0.9442801687500001 0.3792740765625 0.9534976796875 0.3845698171875 0.9685524125 0.39588450625 0.9682761453125 0.406650340625 0.9618863828125
0 0.301055990625 0.8702969812500001 0.28034575625 0.8839888015625 0.281080015625 0.9031507109374999 0.289657815625 0.9053387484375002 0.3042545578125 0.8921957812500001 0.301055990625 0.8702969812500001
0 0.3215808171875 0.84355674375 0.3112729734375 0.857793728125 0.3231365140625 0.8636309515625001 0.32870115312500003 0.8569686078124998 0.3215808171875 0.84355674375
0 0.3868769140625 0.6757371421875 0.39910758281250003 0.6911553203125 0.410422271875 0.6908790515625001 0.41762978124999994 0.6860413 0.42036298437499997 0.667061109375 0.411323509375 0.6405099671875 0.3984568125 0.6372279109375001 0.38814896875 0.6514648953125001 0.3868769140625 0.6757371421875
0 0.4468085234375 0.5936918359375 0.44772450625 0.6093862828125001 0.46460751875 0.6189635515624999 0.492158134375 0.5908530265625 0.48859612343750003 0.5758891546875 0.4641421546875 0.5780845625 0.4468085234375 0.5936918359375
0 0.48314814687499996 0.696428946875 0.493554225 0.713489996875 0.49966771562499995 0.71294114375 0.5086089578124999 0.7081942531250001 0.5109787171875 0.696148990625 0.503672975 0.6696887078125 0.4908971375 0.6646729203125 0.48451106250000003 0.67042296875 0.48314814687499996 0.696428946875
0 0.349046653125 0.43558091093750007 0.3515146453125 0.4548336828125 0.365202778125 0.459028034375 0.3833578453125 0.444333059375 0.37997755624999996 0.42590172343750005 0.3608156453125 0.42663598281250004 0.349046653125 0.43558091093750007
0 0.3468623015625 0.46067459218749995 0.3450413953125 0.478833346875 0.358729528125 0.4830276984375 0.3613718703125 0.465781240625 0.3468623015625 0.46067459218749995
0 0.5296875 1 0.5296875 0.41875 0.0606825578125 0.41875 0.0196964953125 1 0.5296875 1
0 0.45718142500000003 0.4621099375 0.46457434375 0.47032060624999994 0.47762276249999996 0.4701351984375 0.48647314531249997 0.4671220390625 0.49103094062499997 0.44649897968749996 0.4819951515625 0.43646371874999995 0.46821615781250003 0.43400309843749996 0.4582717578125 0.44130515625 0.45718142500000003 0.4621099375
0 0.11484430781249999 0.57542508125 0.1079093796875 0.5750616375 0.1041730203125 0.59659699375 0.1175885703125 0.6059925406250001 0.12196464375 0.58883694375 0.11484430781249999 0.57542508125
0 1 0.5290294078125 0.9931628781249999 0.5278718671875 0.9863314124999999 0.524753721875 0.9808386890625 0.5241898484374999 0.9757996625 0.5219936796875 0.9633600703125001 0.5205137093750001 0.957442503125 0.521031621875 0.940698171875 0.517393965625 0.9343413312500001 0.519268915625 0.9315484421875 0.5163624234374999 0.9070364 0.513421728125 0.8985488281249999 0.5138049515625001 0.8952878171875 0.5128060109375 0.858235203125 0.5103121421875 0.8309944796875 0.5102645781249999 0.8276469140625 0.5109171765625 0.8269591546875 0.5135032468749999 0.8184604109375 0.51761205 0.8151705484375 0.517163621875 0.812010515625 0.514237890625 0.8098253328125 0.5172975109375 0.8069924171875 0.518667109375 0.7829982796875 0.5198937406249999 0.775669840625 0.5192336609375 0.771105440625 0.5220305859375001 0.7653177031249999 0.520071190625 0.7622218765625 0.5229450796874999 0.757333609375 0.52489699375 0.7305963625 0.5292920109375 0.7260463875000001 0.531813678125 0.72011439375 0.53260684375 0.7125839968750001 0.5358003531250001 0.706284859375 0.536574278125 0.6919439281249999 0.54327503125 0.67253511875 0.548330128125 0.6649758703125 0.5520741484375 0.6518950484375 0.5558048062500001 0.6397714015625 0.56234575 0.6300525703125001 0.5651485546874999 0.6248292656250001 0.5699810390625 0.603915109375 0.5826855859375 0.593000375 0.5942581062500001 0.5868808484375 0.5986296046875 0.5644390015624999 0.6264347609375001 0.558282703125 0.638532671875 0.5551789546875 0.6485824640625 0.5505619390625001 0.673457609375 0.551164978125 0.6900499468750001 0.5540718546875001 0.7048309359375 0.5593691234375 0.71614904375 0.5632345921875 0.719663771875 0.5651200890625 0.7258348546875 0.5802501765625 0.7462246578125 0.5960647671875 0.7605780640625 0.597389084375 0.7634075906250001 0.6139347109375 0.7743491546875 0.6290150156250001 0.7886640796875 0.6401800703125 0.7933893984375 0.651200871875 0.8008672796875 0.6770725875 0.8129876359375 0.6891948171875 0.8205232406250001 0.709012628125 0.828738165625 0.7209840984375 0.8321256874999999 0.767213875 0.8491771343749999 0.8118675937500001 0.8611777640625 0.8805443046875 0.8714012515625 0.9338987265625001 0.8754394937499999 0.955484796875 0.8745006796875 0.9847343453124999 0.8713413750000001 1 0.8713948625000001 1 0.5290294078125