0 0.19069343125 0.41943734062500004 0.1605839421875 0.44373401562500003 0.15693430625 0.4795396421875 0.1788321171875 0.507672634375 0.1824817515625 0.650895140625 0.1925182484375 0.6649616375 0.2062043796875 0.6662404093750001 0.2189781015625 0.650895140625 0.2189781015625 0.5051150890625 0.2335766421875 0.48976982031249994 0.23905109531250002 0.45652173906250004 0.2253649640625 0.42966751875 0.19069343125 0.41943734062500004
0 0.1505474453125 0.721227621875 0.125 0.7135549875 0.114963503125 0.730179028125 0.11678832187499999 0.75319693125 0.1514598546875 0.8452685421874999 0.13868613125 0.8861892578124999 0.14233576718750002 0.9194373406249999 0.1633211671875 0.943734015625 0.1916058390625 0.9475703328125 0.231751825 0.91176470625 0.2408759125 0.8836317140625001 0.23905109531250002 0.858056265625 0.22718978124999997 0.8312020453125 0.1916058390625 0.81713555 0.1505474453125 0.721227621875
0 0.5976277375 0.50895140625 0.612226278125 0.5063938625 0.625 0.5191815859375 0.63868613125 0.5025575453125 0.635036496875 0.459079284375 0.6259124093749999 0.43350383593749997 0.606751825 0.41687979531249997 0.60218978125 0.44117647031249996 0.5848540140625 0.46035805625000004 0.471715328125 0.49104859375 0.476277371875 0.459079284375 0.46897810156249997 0.43350383593749997 0.43704379531250004 0.39641943749999997 0.4270073 0.4104859328125 0.4279197078125 0.43989769843750004 0.27007299218749997 0.5639386187500001 0.28102189843750003 0.59462915625 0.2937956203125 0.5997442453125 0.4479927 0.48081841406250003 0.45437956249999994 0.4948849109375 0.42244525624999996 0.50895140625 0.42062043750000006 0.5370843984375 0.46806569375 0.5498721234375 0.5976277375 0.50895140625
0 0.5656934312499999 0.28772378593750003 0.554744525 0.318414321875 0.554744525 0.34143222500000003 0.564781021875 0.3606138109375 0.5848540140625 0.36317135624999997 0.5958029203125 0.3529411765625 0.6888686125000001 0.43989769843750004 0.7116788328125 0.45140665 0.726277371875 0.43350383593749997 0.7244525546875 0.413043478125 0.621350365625 0.3196930953125 0.6085766421875001 0.2685422 0.5903284671875 0.26342710937499997 0.5656934312499999 0.28772378593750003
0 0.75456204375 0.3938618921875 0.7436131390625 0.39641943749999997 0.73631386875 0.43989769843750004 0.64781021875 0.507672634375 0.6706204375 0.516624040625 0.6824817515625 0.538363171875 0.75456204375 0.483375959375 0.77281021875 0.5038363171875 0.7892335765625 0.49872122812499997 0.791970803125 0.45396419374999997 0.7773722625 0.41560102343749994 0.75456204375 0.3938618921875
0 0.8713503656249999 0.37851662343750003 0.8312043796875 0.3913043484375 0.8102189781250001 0.42838874687499995 0.8120437953125 0.45396419374999997 0.8503649640625 0.48465473125 0.8978102187499999 0.620204603125 0.9288321171874999 0.6381074171875001 0.9379562046875 0.6253196937500001 0.9379562046875 0.602301790625 0.885036496875 0.45652173906250004 0.8959854015625 0.4258312015625 0.8905109484375 0.395140665625 0.8713503656249999 0.37851662343750003
0 0.7509124093749999 0.5549872125 0.7326642328124999 0.5549872125 0.7244525546875 0.5741687984375 0.726277371875 0.59462915625 0.8439781015625 0.6930946296875 0.8485401453125 0.730179028125 0.8613138687499999 0.7429667515625 0.9142335765625 0.72250639375 0.92518248125 0.6764705875 0.9197080296875001 0.6329923281250001 0.8914233578124999 0.6240409203125 0.8677007296875001 0.644501278125 0.7509124093749999 0.5549872125
0 0.94069343125 0.721227621875 0.758211678125 0.77749360625 0.7344890515625 0.7416879796875 0.7217153281249999 0.7416879796875 0.7098540140625 0.77109974375 0.7098540140625 0.824808184375 0.7335766421875001 0.88107416875 0.7518248171875 0.8861892578124999 0.7609489046875 0.873401534375 0.7655109484375 0.8388746796875 0.95894160625 0.7800511515624999 0.967153284375 0.760869565625 0.9653284671875 0.730179028125 0.94069343125 0.721227621875
0 0.6505474453125 0.6163682859375 0.6222627734375 0.6227621484375 0.61131386875 0.684143221875 0.5793795625 0.7084398984375 0.569343065625 0.7378516625 0.5766423359374999 0.7736572890625 0.58850365 0.7902813296875 0.612226278125 0.8081841437499999 0.635036496875 0.8069053703125 0.6541970796875 0.79539641875 0.671532846875 0.755754475 0.6697080296875 0.7327365734375 0.6514598546875 0.6994884906250001 0.6605839421875 0.6329923281250001 0.6505474453125 0.6163682859375
0 0.6970802921875 0.48976982031249994 0.6989051093749999 0.5204603578125 0.7527372265625 0.48593350312499994 0.755474453125 0.45140665 0.7381386859375 0.43989769843750004 0.685218978125 0.4782608703125 0.6906934312499999 0.5038363171875 0.6970802921875 0.48976982031249994
0 0.680656934375 0.5306905375000001 0.666970803125 0.5038363171875 0.6560218984375 0.501278771875 0.5976277375 0.5421994890625 0.5739051093749999 0.572890025 0.46441605781249995 0.6061381078125 0.4562043796875 0.6176470593750001 0.458029196875 0.6457800515625001 0.46441605781249995 0.659846546875 0.476277371875 0.6611253203125 0.6177007296875 0.6138107421875 0.648722628125 0.611253196875 0.66149635 0.6317135546875 0.6742700734375 0.6342711000000001 0.6861313874999999 0.6048593343750001 0.680656934375 0.5306905375000001
0 0.57481751875 0.8196930953124999 0.5346715328125 0.7097186703125 0.52281021875 0.6956521734375001 0.508211678125 0.6956521734375001 0.496350365625 0.714833759375 0.496350365625 0.7352941171875 0.53649635 0.85038363125 0.5255474453125 0.8913043484375001 0.5273722625 0.921994884375 0.5428832109374999 0.9488491046875 0.57481751875 0.9603580562499999 0.5994525546875 0.9488491046875 0.62043795625 0.921994884375 0.6277372265625 0.8989769828125 0.6259124093749999 0.86317135625 0.6049270078125 0.8312020453125 0.57481751875 0.8196930953124999
0 0.269160584375 0.72890025625 0.258211678125 0.7314578 0.235401459375 0.7736572890625 0.231751825 0.827365728125 0.24543795624999998 0.8670076718749999 0.26368613125 0.8593350390625 0.2746350359375 0.8312020453125 0.476277371875 0.8913043484375001 0.4890510953125 0.8606138109374999 0.4890510953125 0.840153453125 0.4790145984375 0.8286445015625 0.28193430625000004 0.7723785171875 0.27919707968749996 0.7429667515625 0.269160584375 0.72890025625
0 0.429744525 0.53964194375 0.393248175 0.5498721234375 0.383211678125 0.571611253125 0.385036496875 0.5971867 0.4014598546875 0.6278772375 0.37043795625 0.7966751921874999 0.41058394218750005 0.8043478265624999 0.44160583906250006 0.635549871875 0.45711678906250003 0.6061381078125 0.4726277375 0.59462915625 0.47080292031250004 0.5767263421875 0.45346715312499997 0.5498721234375 0.429744525 0.53964194375