0 0.5493934140625 0.7782152234375 0.5667244375 0.7677165359375 0.5615251296875 0.725721784375 0.5485268624999999 0.7191601046875 0.5225303296875 0.7322834640625 0.5285961875 0.7782152234375 0.5493934140625 0.7782152234375
0 0.50433275625 0.88845144375 0.5320623921875 0.91994750625 0.5545927203125001 0.8937007875 0.5563258234374999 0.8805774281250001 0.5467937609375 0.8608923890625 0.5294627390625 0.8530183734375001 0.5103986140625 0.8661417328125 0.50433275625 0.88845144375
0 0.53812825 0.2598425203125 0.5424610046875 0.32152230937500004 0.57712305 0.32152230937500004 0.5805892546875 0.26115485625 0.53812825 0.2598425203125
0 0.449740034375 0.7139107609375 0.4246100515625 0.7598425203125 0.4575389953125 0.7965879265625 0.48180242656249994 0.74934383125 0.449740034375 0.7139107609375
0 0.5857885609375 0.1509186359375 0.574523396875 0.0918635171875 0.535528596875 0.108923884375 0.545927209375 0.16404199531250002 0.5597920281250001 0.1666666671875 0.5857885609375 0.1509186359375
0 0.41594454062499997 0.922572178125 0.4462738296875 0.8950131234375001 0.4506065859375 0.8805774281250001 0.42374350156249996 0.847769028125 0.391681109375 0.8727034124999999 0.40727902968749996 0.91994750625 0.41594454062499997 0.922572178125
0 0.578856153125 0.5944881890625 0.555459271875 0.5459317578125 0.521663778125 0.5787401578125 0.53379549375 0.6154855640625 0.5493934140625 0.6286089234375 0.578856153125 0.5944881890625
0 0.4506065859375 0.1824146984375 0.46100519999999995 0.1876640421875 0.4870017328125 0.1561679796875 0.483535528125 0.12992125937500001 0.46880415937500003 0.10236220468749999 0.4549393421875 0.10761154843750001 0.43154246093750004 0.137795275 0.4506065859375 0.1824146984375
0 0.47833622187499997 0.3188976375 0.4792027734375 0.2572178484375 0.429809359375 0.2664042 0.435008665625 0.326771653125 0.4506065859375 0.329396325 0.47833622187499997 0.3188976375
0 0.5389948 0.49475065625000003 0.5476603124999999 0.49475065625000003 0.5805892546875 0.471128609375 0.5805892546875 0.4422572171875 0.56239168125 0.41469816249999997 0.5329289421875 0.427821521875 0.526863084375 0.43963254531249996 0.5389948 0.49475065625000003
0 0.4627383015625 0.5104986874999999 0.47833622187499997 0.45275590625 0.463604853125 0.4356955375 0.439341421875 0.427821521875 0.4263431546875 0.4475065609375 0.421143846875 0.492125984375 0.4627383015625 0.5104986874999999
0 0.42287695000000003 0.6023622046875 0.43674176718749996 0.6338582671874999 0.44887348281249995 0.6417322828125 0.483535528125 0.6154855640625 0.48006932343750003 0.5839895015625001 0.4670710578125 0.5616797906250001 0.439341421875 0.56955380625 0.4246100515625 0.5866141734375 0.42287695000000003 0.6023622046875
0 0.4627383015625 0.0144356953125 0.47313691562500004 0.0013123359375 0.4454072796875 0.0013123359375 0.4627383015625 0.0144356953125