0 0.71875 0.5296875 0.71875 0.3295783953125 0.6815852921875 0.299577575 0.62223429375 0.2829130390625 0.5486685984374999 0.3075116765625 0.5038529390625001 0.3580463015625 0.46928745781250003 0.4590951453125 0.47113281718750005 0.5296875 0.71875 0.5296875
0 0.23941579218750003 0.7055675859375 0.24135749374999999 0.721410703125 0.2594356828125 0.7224823687499999 0.27217369375 0.6836059921875 0.24563811093750001 0.692544271875 0.23941579218750003 0.7055675859375
0 0.33457026875 0.7041229078125 0.31464615 0.6974136515625 0.2978311734375 0.69867485 0.29403951250000004 0.706158365625 0.2956898578125 0.7203491203125 0.30774131250000003 0.7258909359375 0.3245562890625 0.7246297375 0.33865127031250003 0.7127738640625 0.33457026875 0.7041229078125
0 0.31434269375 0.78265395625 0.31735404375 0.7949009921875 0.33018379375 0.7951943671875 0.3395172703125 0.7756593953124999 0.321439078125 0.774587728125 0.31434269375 0.78265395625
0 0.21199605625 0.7819593328125001 0.2151051984375 0.7899297875 0.2269630875 0.7895426578125 0.238435865625 0.7628155281250001 0.2217186796875 0.7598001421875 0.21199605625 0.7819593328125001
0 0.1988769671875 0.7655314875 0.1802140484375 0.7756372078125 0.1753527359375 0.7867168046874999 0.1764203703125 0.7976028359375 0.1914851921875 0.8009095765625001 0.1995534375 0.7935238515625 0.2053886265625 0.768642646875 0.1988769671875 0.7655314875
0 0.1139280203125 0.7668803921875 0.1008048984375 0.77941676875 0.1038162484375 0.7916638046875001 0.12247715156250001 0.796040196875 0.134241284375 0.770965428125 0.127146915625 0.7645495437500001 0.1139280203125 0.7668803921875
0 0.084768215625 0.7754295250000001 0.07193645 0.7896182609375 0.0740737328125 0.7969082125 0.08583383125 0.800797665625 0.0939020765625 0.793411940625 0.094875953125 0.7796103328124999 0.084768215625 0.7754295250000001
0 0 0.8738595078125 0.004860025 0.8730025546875 0.015358928124999999 0.86007703125 0 0.85156659375 0 0.8738595078125
0 0.24823611093750003 0.8812008625000001 0.2513452515625 0.8891713156249998 0.269812590625 0.8876187625 0.28050707343750003 0.8661400718750001 0.259124159375 0.86565111875 0.24823611093750003 0.8812008625000001
0 0.29129733125 0.8548669125 0.30373995 0.8433023953125 0.29003613125 0.8380519359375 0.2843007515625 0.8441744468750001 0.29129733125 0.8548669125
0 0.487940509375 0.73330288125 0.46140694531250004 0.7277590484375 0.44352231875000003 0.732616328125 0.43973065624999996 0.74009984375 0.4407982890625 0.7509858749999999 0.4570285375 0.7609020640624999 0.4801616046875 0.7568230796875 0.492604225 0.7452585625 0.487940509375 0.73330288125
0 0.5260527125000001 0.6499145562499999 0.5023328984375001 0.6796530375 0.51350826875 0.6947198765625 0.52867088125 0.6937500359375 0.541600440625 0.675284715625 0.5408261796875 0.651568934375 0.5260527125000001 0.6499145562499999
0 0.44907421718749996 0.6481543171874999 0.422832009375 0.6442628484374999 0.41155682968749996 0.6479547015625 0.408056525 0.6570905796875 0.4082500890625 0.6630195249999999 0.42584134218749997 0.6709919953125001 0.4506267734375 0.66662165625 0.45539029375 0.65981864375 0.44907421718749996 0.6481543171874999
0 0.6794148875 0.7370229734375 0.6674571890625 0.7561687984375001 0.6730927609374999 0.7688049828125 0.6918514546875 0.768904790625 0.69904563125 0.7565619781249999 0.697493078125 0.7380946390625001 0.6794148875 0.7370229734375
0 0.6508337609375 0.7778410515624999 0.668037884375 0.77395563125 0.661430453125 0.7606389468750001 0.6451981890625 0.7652048671875 0.6508337609375 0.7778410515624999
0 0 1 0.71875 1 0.71875 0.5296875 0.5877342078125001 0.5296875 0.45083445624999996 0.5711758234375 0.0697175125 0.67074800625 0 0.6847876921875 0 1
0 0.6753459875 0.6414793515625 0.6646555390625 0.6339938171874999 0.64540990625 0.6407948125 0.6435619625 0.6496393359375 0.6449209515625001 0.662177728125 0.6536676828125 0.6683022546874999 0.6734960265625001 0.6648059828124999 0.6793291984375001 0.654406890625 0.6753459875 0.6414793515625