0 0.56875 0.1395025125 0.517637246875 0.10506431093749999 0.4979956546875 0.0991800421875 0.4576772 0.1034176828125 0.42128491874999996 0.1320822984375 0.4072209328125 0.17926540468750002 0.32657687343749997 0.2652410859375 0.3131350046875 0.2924871 0.2018282453125 0.409375 0.327862546875 0.409375 0.4965365015625 0.2275059046875 0.515352971875 0.2126116046875 0.552570375 0.20472555781250001 0.56875 0.19006751718749998 0.56875 0.1395025125
0 0.4655140578125 0.32018916875 0.4247836359375 0.307579159375 0.3617153875 0.379784525 0.3706053921875 0.38679883125000003 0.4138183203125 0.3842441390625 0.4615807328125 0.3732625953125 0.47026535156250004 0.3653947078125 0.4655140578125 0.32018916875
0 0.30468317968749997 0.01815230625 0.31355650156250003 0.20600088125 0.322648315625 0.26664757968749997 0.406807778125 0.1753344875 0.41839044375 0.13039935 0.41053809531249996 0.0815454 0.30468317968749997 0.01815230625
0 0.27981090000000003 0 0.44899377500000004 0.0983688375 0.49489460156250004 0.0955316359375 0.537072259375 0.10898312031249999 0.561057946875 0.09155834375 0.5548582234375 0.0584280625 0.45652222656249997 0 0.27981090000000003 0
0 0.1469052328125 0.5517122343749999 0.15560500156249998 0.5285239328125 0.15610593281250001 0.503015378125 0.138923825 0.48334287031249995 0.10033020468750001 0.47944425312499994 0.0556878578125 0.4936823171875 0.0393279625 0.5121072484375 0.037130564062499996 0.52904364375 0.0509102328125 0.592030603125 0.062213757812500006 0.601184015625 0.08109708593750001 0.5991992984375 0.11563619843749999 0.5796591515625 0.1469052328125 0.5517122343749999
0 0 1 0.3309703765625 1 0.34051091875 0.993547246875 0.3683397296875 0.9858493375 0.40080905156249996 0.9617537515624999 0.41592612031250004 0.9466414328125001 0.42885054531250005 0.9182361218749999 0.40252927656250004 0.8191789765624999 0.38472813281249996 0.78604808125 0.370324675 0.739832121875 0.353473353125 0.723306834375 0.2977401609375 0.6925717640625 0.2586503625 0.6839523140624999 0.2149200515625 0.6917305453125 0.132095190625 0.7211187125 0.036015121875 0.77576496875 0 0.8130588781250001 0 1
0 0 0.6570755375 0.001910871875 0.6632068984374999 0.0366956984375 0.6611418609374999 0.053509237499999994 0.6546017046875 0.0612544328125 0.645037184375 0.060262073437499994 0.6355955203125 0.05243655625 0.6292585421875 0.028667004687499997 0.630165828125 0.0101144640625 0.6352977671875 0 0.64502263125 0 0.6570755375
0 0.56875 0.9177803296875 0.5502600046875 0.9046724578124999 0.5220399375 0.883391684375 0.4813737609375 0.8755425296875 0.4599081015625 0.9020453453125 0.45818902968749997 0.9351323796875001 0.482622359375 0.9533473453125 0.5059756265625001 0.9612842531249999 0.524728984375 0.9749004875 0.556648584375 0.9819370390625 0.56875 0.9707054875000001 0.56875 0.9177803296875
0 0.56875 0.7459430734375 0.755572253125 0.6827000625 0.7718091390625 0.6672820203125001 0.6322677578125 0.63350119375 0.56875 0.663487871875 0.56875 0.7459430734375
0 1 0.411858365625 0.5711573890625 0.627126775 0.56875 0.6282702656250001 0.56875 0.6605645953125 1 0.4471030734375 1 0.411858365625
0 1 0.9475361234375 0.56875 0.9659820843750001 0.56875 0.999196040625 1 0.9795824968750001 1 0.9475361234375