0 0.3890625 0.61875 0.3890625 0.518469784375 0.38824533125 0.516706259375 0.332409303125 0.4756236359375 0.2684021015625 0.455517578125 0.1894144546875 0.4513780109375 0.11772242656250001 0.46995623281250004 0.0811468203125 0.4931667609375 0.050504978125 0.5380930625 0.046808434375 0.5816395765625 0.06658635 0.61875 0.3890625 0.61875
0 1 0.4707067828125 0.9918682078125001 0.42094540937499997 0.9620007312500001 0.41100433125 0.9180265921874999 0.4217287515625 0.91017875 0.43341582812499996 0.9183509937500001 0.4431505515625 0.8339051656249999 0.48060388906249996 0.784547715625 0.4836010359375 0.7415463640625 0.47576357031249994 0.7031500921875 0.49050288750000004 0.6966320015624999 0.5320402453125 0.6719858421875 0.560529184375 0.648961271875 0.6132998375 0.6332577 0.61875 0.9904391171875 0.61875 0.9902153 0.6181551953125 0.9389444250000001 0.60243919375 0.9578181609375 0.5736477343749999 0.9962144328125 0.558908415625 1 0.551463959375 1 0.4707067828125
0 1 0.15646513281250002 0.9893698656249998 0.1648875296875 0.9411797609375 0.1456104109375 0.88883881875 0.15031248749999998 0.873986078125 0.129990575 0.8866009937499999 0.11017753906250001 0.8798879312500001 0.07259998437500001 0.849923175 0.06451509375 0.8334814093750001 0.046901835937500004 0.8133752000000001 0.0439868265625 0.7768923531249999 0.07743929375 0.7366799343749999 0.0716092765625 0.6979918281249999 0.09191716093749999 0.66056834375 0.0880945921875 0.6283661765625 0.1227020421875 0.6423108453124999 0.1327392859375 0.6256098078125 0.14768495937499998 0.604303690625 0.1400538484375 0.6145187875 0.11080860937499999 0.6037521671875 0.0953540609375 0.551184103125 0.0767781453125 0.5313050171875 0.0971411265625 0.5318565390625001 0.1418409171875 0.4952764140625 0.1771495703125 0.3890625 0.2011614640625 0.3890625 0.22379865625 0.415727503125 0.231611125 0.4390443265625 0.25609919531249997 0.43690419374999995 0.296935346875 0.40995549374999996 0.31413589375 0.40609649374999995 0.332546521875 0.46716119999999994 0.382278959375 0.45156279218749995 0.403796925 0.4672263296875 0.43625969218750005 0.4581785765625 0.44323066874999995 0.462978215625 0.46209507343749995 0.43881844843750006 0.4813030703125 0.43813749687500003 0.4942963921875 0.48243603906250004 0.5049937718749999 0.5206373359375001 0.41113954062499997 0.581636915625 0.406891246875 0.5569256250000001 0.381399453125 0.562146528125 0.337002184375 0.5434022203125 0.3081005328125 0.56308675 0.2914499296875 0.6034937250000001 0.29356756875 0.651035028125 0.27000108749999996 0.68638309375 0.2858132515625 0.7195263140625 0.371308125 0.6546677359374999 0.393967046875 0.6621590296875001 0.4166950921875 0.6551219796875 0.44052302499999996 0.72568826875 0.4470131796875 0.7316878171875001 0.47059368749999997 0.747221509375 0.477922278125 0.766322365625 0.4724088078125 0.7928493875 0.43564264843749995 0.8132474328124999 0.432989090625 0.8472983109375001 0.44594134218750003 0.8691881015625 0.442435321875 0.8820948546875 0.41705371874999997 0.867047553125 0.40044418437499996 0.831602209375 0.3864882078125 0.8896830093750001 0.3550982859375 0.9290199187500001 0.37763400156250004 0.970205125 0.3649021328125 1 0.3713080328125 1 0.15646513281250002
0 0.6343573546875 0 0.6332948265624999 0.00104605 0.6629677468749999 0.014699507812500002 0.6860900125 0.042899954687500005 0.7326585265625 0.0378953578125 0.7520512203124999 0.026813321875 0.7548538062500001 0 0.6343573546875 0
0 0.3890625 0 0.3890625 0.01058181875 0.52245140625 0.0175724359375 0.5381796578125 0.02118865 0.53879589375 0.037041882812499996 0.56347461875 0.035543309375 0.559874890625 0.0213950046875 0.604757103125 0.02095525 0.6008655375 0.0123755125 0.5860453609375 0.0190439671875 0.5751814609375 0.005445604687499999 0.5950931125000001 0.012072992187500001 0.6155884374999999 0.0075632453124999995 0.6204853531250001 0.0245714640625 0.6566116484375 0.025534120312500002 0.640072603125 0.009777049999999999 0.6489257984375 0.0065184531249999995 0.6317058015624999 0.0037547046875 0.6309399390625 0 0.3890625 0
0 0.5087042015625001 0.5836138328125 0.4842200359375 0.5814000296875 0.4746858890625 0.597651946875 0.5004672453125 0.602725665625 0.5087042015625001 0.5836138328125
0 0.5694766578125 0.5560875484375 0.54440881875 0.5650108765625 0.530399434375 0.5838201890625 0.5501165296874999 0.5941599515625 0.5720063203125 0.5906539296875 0.5817350250000001 0.5706896343750001 0.5694766578125 0.5560875484375
0 0.6012571453125 0.5019144859375 0.58484794375 0.5112915953125 0.5787189671874999 0.5454041968750001 0.5929554734375 0.5498728734375 0.6062839046875 0.5440568828125001 0.6072566921875 0.525494996875 0.6340108343749999 0.5120068265625 0.6272330578125 0.5032758265624999 0.6012571453125 0.5019144859375
0 0.180298115625 0.61875 0.198133065625 0.632000628125 0.1559244453125 0.6627678968749999 0.16257069062500001 0.7080880234375 0.12750130312500002 0.7317341421875 0.03706459375 0.7359889171875 0.0128492984375 0.7676991765625 0.031714078125 0.8811173671875 0.0639629640625 0.9112896078125001 0.1179429390625 0.914118578125 0.1738032484375 0.8810686437499999 0.20079323593749998 0.8824831296875001 0.3092461734375 0.8356997921874999 0.2588701703125 0.76410291875 0.20227219999999999 0.7251592953125 0.23548415625 0.6939205328125 0.21890108125 0.6660683625 0.23814796249999998 0.6430920828125 0.22792065 0.62306830625 0.2047838328125 0.61875 0.180298115625 0.61875
0 0.9266651718750001 1 0.9245173812499999 0.9972718281249999 0.910789465625 0.988033009375 0.8792301171875 0.96650045625 0.7460096249999999 0.98649675625 0.7057310140624999 0.9957450734375 0.704426196875 1 0.776754240625 1 0.7784594953124999 0.9910371343750001 0.777989771875 1 0.7967149921875001 1 0.7965877703124999 0.9976668109375 0.8024796859375 0.9937159640625 0.8065832109375 0.9967707750000001 0.80700359375 1 0.8164924625000001 1 0.8238136609375001 0.9934140453125 0.8281398109375001 0.9922208937500001 0.8402466796875 1 0.9266651718750001 1
0 1 0.758682484375 0.9823461187500001 0.788737628125 0.9788435828125 0.8013331750000001 0.9916067390624999 0.828980153125 1 0.827345090625 1 0.758682484375
0 1 1 1 0.9156569625 0.9902856875000001 0.9084252062499999 0.9911166343750001 0.9468060734374999 0.991569178125 0.9652884046875 0.981282078125 1 1 1