0 0.2961134203125 0.5459609109375 0.31784892343750004 0.5338376140625 0.337651353125 0.4758557921875 0.2640699375 0.4107991484375 0.16723393125 0.4113006796875 0.1472074765625 0.4276602921875 0.1294403140625 0.48335367968750004 0.1997497109375 0.544699803125 0.2961134203125 0.5459609109375
0 0.1113954296875 0.37555770625 0.1567215578125 0.36030955 0.16725818125 0.326293621875 0.14213865 0.31389529375 0.0946311765625 0.326669771875 0.08580360000000001 0.3649220171875 0.1113954296875 0.37555770625
0 1 0.6390625 1 0.585117259375 0.826593390625 0.544138659375 0.7865128718750001 0.5235580875 0.7284656546875 0.5099725875 0.6954845640625 0.5129445671874999 0.643960440625 0.5050433359375 0.5793901296875 0.4857735671875 0.5964359375 0.49722969843750003 0.55842898125 0.493934484375 0.5269661859375 0.5012496984375 0.5 0.4945040234375 0.5 0.5315170218749999 0.68129935625 0.5859036718749999 0.8533463765625001 0.604448653125 0.9858168593750001 0.6390625 1 0.6390625
0 1 0.52612015 0.992974996875 0.5237696890625 0.9109300390625 0.50965863125 0.841502428125 0.5235309531250001 0.8540776328125 0.5416620109375 0.8801278625 0.5545467656249999 1 0.583380909375 1 0.52612015
0 1 0.4447413359375 0.9435739984375001 0.42786809375 0.8630473359374999 0.4181002734375 0.7879332390625 0.3881324828125 0.7639987109374999 0.4023854046875 0.7721243828125 0.4321175515625 0.763162103125 0.44054124687499996 0.7381381171875001 0.433836090625 0.7085592453125 0.41410122187500004 0.6960893953125 0.4206009640625 0.6480939125 0.419549846875 0.6256776796875 0.43814600625000005 0.649288721875 0.465138725 0.671810309375 0.47117336718749997 0.728789140625 0.4687269484375 0.74187746875 0.4899478046875 0.7629229000000001 0.5014915281250001 0.88389570625 0.500446596875 0.9549469687500001 0.5155483140625 0.9909225093749999 0.5114104921875 1 0.5182957359375 1 0.4447413359375
0 0.5 0.2786211125 0.5425717609375 0.2928649875 0.556046784375 0.28761868437500004 0.5579939203125 0.27534708124999996 0.54695808125 0.2664854203125 0.5 0.253903040625 0.5 0.2786211125
0 0.6632210828125 0.3330656984375 0.695710121875 0.33193008281249997 0.710148178125 0.31808489687499997 0.7101060374999999 0.308232578125 0.6830295640624999 0.28916822343750004 0.6565294234375 0.28797215 0.6450647453125 0.2957253296875 0.645149028125 0.3154299703125 0.6632210828125 0.3330656984375
0 0.70303510625 0.174468146875 0.6018707796875 0.131615603125 0.5854013046875 0.1380277515625 0.5819569453125 0.1508822765625 0.5649532781250001 0.14927846718749999 0.5559909984375 0.1577021625 0.5915377 0.17017918125 0.6151698140625 0.2020980609375 0.6422041453125 0.21131009375 0.67015936875 0.20207092499999998 0.640046303125 0.174320096875 0.70303510625 0.174468146875
0 0.5 0.2106591796875 0.50223839375 0.21317049687499998 0.5367377796875 0.2145417578125 0.552694134375 0.20503980781250003 0.5446527453125001 0.195012303125 0.51060326875 0.1819523609375 0.5 0.181720146875 0.5 0.2106591796875
0 1 0.27086384531249996 0.9568457421875 0.258222146875 0.8622045078125 0.2210538703125 0.8357254390625 0.22478395624999997 0.8213084531250001 0.243555303125 0.7827883718749999 0.237170290625 0.7063877578125 0.2570470234375 0.7339773546874999 0.27920117499999997 0.8105254625 0.2938075625 0.8126411640625001 0.3209452390625 0.8401886187500001 0.3332470703125 0.998697403125 0.3422598765625 1 0.3425493296875 1 0.27086384531249996
0 1 0.1569680296875 0.9588424437499998 0.140664821875 0.9482565140624999 0.1201144796875 0.9151489999999999 0.09352949687499999 0.8495945875 0.07793245 0.8001229500000001 0.0823904171875 0.7626923265625 0.09696348125000001 0.75723761875 0.10731113125 0.775801725 0.12311049999999998 0.8559206171875001 0.15441932187500002 0.9019057515625001 0.1529635625 0.952487915625 0.174389834375 0.9709466656250001 0.1655584 1 0.1696555296875 1 0.1569680296875
0 0.5213914843749999 0 0.5233618890625 0.0092166171875 0.5379053 0.02000223125 0.627457453125 0.0361248359375 0.6425561281250001 0.0598525703125 0.6761135515625 0.074748871875 0.7040898453125 0.07043586406249999 0.78113000625 0.083205890625 0.84955244375 0.0680801296875 0.724390378125 0.024702028125 0.6423454203125 0.0105909703125 0.612497071875 0 0.5213914843749999 0
0 0.14800701249999998 0.6390625 0.1258480796875 0.664695984375 0.165204765625 0.7180677515625 0.2135578703125 0.7496440015625 0.352119859375 0.79794361875 0.36606521875000003 0.8165763265624999 0.455039328125 0.8143487625000001 0.4897508421875 0.849717790625 0.5 0.8460109375 0.5 0.7315877687500001 0.47924542499999995 0.7240103765625 0.38347021875 0.657383321875 0.33917120624999997 0.6390625 0.14800701249999998 0.6390625
0 0.45749902656249997 0.8876261296875001 0.455646865625 0.85919973125 0.314909253125 0.830799240625 0.308695996875 0.8775465984374999 0.33628294687500004 0.8923865296875 0.3024925859375 0.8889184515625 0.2919477765625 0.9047130546875 0.45097215 0.9473235078125001 0.48321411875000003 0.944790671875 0.41967103281249996 0.9110062859375001 0.45749902656249997 0.8876261296875001
0 0.6899096171875 0.7698112890625 0.6176095515625 0.7651680828125 0.58910505 0.7554261046875 0.5785617828125 0.76838269375 0.594401065625 0.7778873671875 0.6952056359375 0.7922725500000001 0.7083924749999999 0.7852848546875 0.6899096171875 0.7698112890625
0 1 0.712551634375 0.9668776187500001 0.67568705 0.932042721875 0.6684572875 0.9035603859375 0.685023996875 0.9120393328125 0.7272761015625 0.946361475 0.752254340625 0.997535109375 0.7354550875 1 0.7231612296875001 1 0.712551634375
0 0.5 0.6390625 0.5 0.6504767250000001 0.550543434375 0.7093218140625 0.5895956359375 0.711368940625 0.62914729375 0.6798823765625001 0.6270209078125 0.66142674375 0.60781173125 0.6390625 0.5 0.6390625
0 0.781969234375 0.6390625 0.78322085 0.659091775 0.7679297890625 0.6739325265625 0.7806083078125 0.6899550453125001 0.7769259234375 0.7036978921875 0.7526653281250001 0.720343703125 0.7437135265625 0.7431957140625001 0.755914759375 0.8190606109375 0.780728009375 0.8320219609375 0.796549559375 0.8204796828124999 0.7922613187499999 0.7414745171874999 0.8080917359375 0.740455715625 0.80915714375 0.7523143984375 0.7959703031250001 0.7593020953125 0.82131404375 0.7755619203124999 0.8318395765625001 0.7415583796874999 0.8650918734375 0.749416196875 0.8788047703125 0.7404652359374999 0.8766828171875 0.727271340625 0.8286477796874999 0.7112440624999999 0.8365120031250001 0.6502246781250001 0.8266585750000001 0.6390625 0.781969234375 0.6390625
0 1 0.7518109609375 0.9986049515625 0.752575509375 0.9864968203124999 0.787207103125 0.9653881203125 0.78681159375 0.9558969656249999 0.7958416546875 0.9569668078125 0.8129620781250001 0.9258275968749998 0.8077746828125001 0.9089539375000001 0.8232434859375001 0.9005370578124999 0.8546557078125 0.9090160046874999 0.8969078140625001 0.8821517343749999 0.9549403703125 0.8882001234375 1 0.97875990625 1 0.9856043109375001 0.9805561859375 0.99773904375 0.9774950171875 1 0.9640062687500001 1 0.7518109609375